Test classification report
num_samples: 5000
teacher_fusion_space: calibrated probabilities
teacher_weights: cbp=0.160000, api=0.280000, cbp_api=0.560000
teacher_temperatures: cbp=0.580269, api=0.741046, cbp_api=0.684237
distill_schedule: cosine

Overall metrics
top1_accuracy: 0.829000 (82.90%)
top2_accuracy: 0.892400 (89.24%)
top3_accuracy: 0.919200 (91.92%)
top4_accuracy: 0.932600 (93.26%)
top5_accuracy: 0.942000 (94.20%)
macro_precision: 0.845590 (84.56%)
macro_recall: 0.829000 (82.90%)
macro_f1: 0.829044 (82.90%)

Per-class metrics
class  precision  recall  f1_score  support
000    1.000000   1.000000  1.000000  10
001    0.727273   0.800000  0.761905  10
002    0.750000   0.600000  0.666667  10
003    1.000000   0.800000  0.888889  10
004    1.000000   0.700000  0.823529  10
005    0.714286   1.000000  0.833333  10
006    1.000000   0.600000  0.750000  10
007    0.900000   0.900000  0.900000  10
008    0.800000   0.800000  0.800000  10
009    1.000000   1.000000  1.000000  10
010    1.000000   1.000000  1.000000  10
011    0.900000   0.900000  0.900000  10
012    1.000000   0.900000  0.947368  10
013    0.909091   1.000000  0.952381  10
014    0.909091   1.000000  0.952381  10
015    1.000000   0.900000  0.947368  10
016    1.000000   0.900000  0.947368  10
017    1.000000   0.900000  0.947368  10
018    0.833333   1.000000  0.909091  10
019    0.909091   1.000000  0.952381  10
020    1.000000   0.800000  0.888889  10
021    1.000000   1.000000  1.000000  10
022    1.000000   0.800000  0.888889  10
023    0.769231   1.000000  0.869565  10
024    1.000000   1.000000  1.000000  10
025    0.909091   1.000000  0.952381  10
026    0.857143   0.600000  0.705882  10
027    0.875000   0.700000  0.777778  10
028    1.000000   0.700000  0.823529  10
029    1.000000   1.000000  1.000000  10
030    1.000000   1.000000  1.000000  10
031    0.800000   0.800000  0.800000  10
032    1.000000   0.900000  0.947368  10
033    0.888889   0.800000  0.842105  10
034    0.900000   0.900000  0.900000  10
035    0.900000   0.900000  0.900000  10
036    0.833333   1.000000  0.909091  10
037    0.900000   0.900000  0.900000  10
038    0.909091   1.000000  0.952381  10
039    0.875000   0.700000  0.777778  10
040    0.888889   0.800000  0.842105  10
041    1.000000   1.000000  1.000000  10
042    1.000000   0.800000  0.888889  10
043    1.000000   1.000000  1.000000  10
044    0.833333   1.000000  0.909091  10
045    0.900000   0.900000  0.900000  10
046    0.833333   1.000000  0.909091  10
047    1.000000   0.900000  0.947368  10
048    1.000000   1.000000  1.000000  10
049    1.000000   0.900000  0.947368  10
050    0.833333   1.000000  0.909091  10
051    1.000000   0.900000  0.947368  10
052    0.857143   0.600000  0.705882  10
053    0.727273   0.800000  0.761905  10
054    0.888889   0.800000  0.842105  10
055    0.900000   0.900000  0.900000  10
056    0.888889   0.800000  0.842105  10
057    0.833333   1.000000  0.909091  10
058    1.000000   1.000000  1.000000  10
059    0.900000   0.900000  0.900000  10
060    0.909091   1.000000  0.952381  10
061    0.909091   1.000000  0.952381  10
062    0.909091   1.000000  0.952381  10
063    0.769231   1.000000  0.869565  10
064    1.000000   0.800000  0.888889  10
065    1.000000   0.700000  0.823529  10
066    1.000000   1.000000  1.000000  10
067    0.875000   0.700000  0.777778  10
068    0.818182   0.900000  0.857143  10
069    0.700000   0.700000  0.700000  10
070    0.909091   1.000000  0.952381  10
071    0.727273   0.800000  0.761905  10
072    0.769231   1.000000  0.869565  10
073    0.909091   1.000000  0.952381  10
074    0.833333   1.000000  0.909091  10
075    1.000000   0.900000  0.947368  10
076    0.888889   0.800000  0.842105  10
077    1.000000   1.000000  1.000000  10
078    0.692308   0.900000  0.782609  10
079    1.000000   1.000000  1.000000  10
080    1.000000   0.700000  0.823529  10
081    0.900000   0.900000  0.900000  10
082    0.909091   1.000000  0.952381  10
083    1.000000   1.000000  1.000000  10
084    0.750000   0.600000  0.666667  10
085    1.000000   1.000000  1.000000  10
086    0.900000   0.900000  0.900000  10
087    0.769231   1.000000  0.869565  10
088    0.642857   0.900000  0.750000  10
089    1.000000   0.900000  0.947368  10
090    1.000000   0.700000  0.823529  10
091    1.000000   1.000000  1.000000  10
092    1.000000   1.000000  1.000000  10
093    0.909091   1.000000  0.952381  10
094    0.636364   0.700000  0.666667  10
095    1.000000   1.000000  1.000000  10
096    1.000000   0.900000  0.947368  10
097    1.000000   0.900000  0.947368  10
098    1.000000   1.000000  1.000000  10
099    1.000000   0.900000  0.947368  10
100    0.750000   0.600000  0.666667  10
101    1.000000   1.000000  1.000000  10
102    1.000000   0.900000  0.947368  10
103    1.000000   0.700000  0.823529  10
104    0.800000   0.800000  0.800000  10
105    1.000000   0.900000  0.947368  10
106    1.000000   0.700000  0.823529  10
107    1.000000   1.000000  1.000000  10
108    1.000000   0.900000  0.947368  10
109    1.000000   0.900000  0.947368  10
110    0.750000   0.900000  0.818182  10
111    0.900000   0.900000  0.900000  10
112    1.000000   1.000000  1.000000  10
113    0.833333   1.000000  0.909091  10
114    0.900000   0.900000  0.900000  10
115    0.818182   0.900000  0.857143  10
116    1.000000   1.000000  1.000000  10
117    0.909091   1.000000  0.952381  10
118    0.900000   0.900000  0.900000  10
119    1.000000   0.600000  0.750000  10
120    1.000000   0.800000  0.888889  10
121    0.583333   0.700000  0.636364  10
122    1.000000   0.700000  0.823529  10
123    0.888889   0.800000  0.842105  10
124    1.000000   1.000000  1.000000  10
125    0.666667   0.800000  0.727273  10
126    1.000000   0.600000  0.750000  10
127    0.800000   0.800000  0.800000  10
128    0.777778   0.700000  0.736842  10
129    1.000000   0.900000  0.947368  10
130    0.727273   0.800000  0.761905  10
131    0.777778   0.700000  0.736842  10
132    1.000000   0.700000  0.823529  10
133    1.000000   0.900000  0.947368  10
134    1.000000   0.900000  0.947368  10
135    0.750000   0.900000  0.818182  10
136    0.888889   0.800000  0.842105  10
137    0.888889   0.800000  0.842105  10
138    0.888889   0.800000  0.842105  10
139    0.636364   0.700000  0.666667  10
140    0.750000   0.600000  0.666667  10
141    0.909091   1.000000  0.952381  10
142    0.888889   0.800000  0.842105  10
143    1.000000   0.700000  0.823529  10
144    0.818182   0.900000  0.857143  10
145    0.833333   1.000000  0.909091  10
146    0.900000   0.900000  0.900000  10
147    1.000000   0.900000  0.947368  10
148    1.000000   1.000000  1.000000  10
149    1.000000   0.900000  0.947368  10
150    0.833333   1.000000  0.909091  10
151    1.000000   1.000000  1.000000  10
152    0.818182   0.900000  0.857143  10
153    1.000000   1.000000  1.000000  10
154    1.000000   0.900000  0.947368  10
155    0.833333   0.500000  0.625000  10
156    0.615385   0.800000  0.695652  10
157    0.444444   0.400000  0.421053  10
158    0.500000   0.600000  0.545455  10
159    0.636364   0.700000  0.666667  10
160    0.857143   0.600000  0.705882  10
161    0.625000   0.500000  0.555556  10
162    1.000000   0.900000  0.947368  10
163    0.833333   1.000000  0.909091  10
164    0.750000   0.900000  0.818182  10
165    0.571429   0.800000  0.666667  10
166    0.500000   0.500000  0.500000  10
167    1.000000   0.800000  0.888889  10
168    0.888889   0.800000  0.842105  10
169    0.750000   0.900000  0.818182  10
170    1.000000   0.800000  0.888889  10
171    0.727273   0.800000  0.761905  10
172    0.818182   0.900000  0.857143  10
173    0.750000   0.900000  0.818182  10
174    0.636364   0.700000  0.666667  10
175    0.875000   0.700000  0.777778  10
176    0.818182   0.900000  0.857143  10
177    0.800000   0.800000  0.800000  10
178    0.636364   0.700000  0.666667  10
179    1.000000   0.800000  0.888889  10
180    0.666667   0.600000  0.631579  10
181    0.800000   0.800000  0.800000  10
182    0.500000   0.600000  0.545455  10
183    1.000000   1.000000  1.000000  10
184    1.000000   0.700000  0.823529  10
185    0.800000   0.800000  0.800000  10
186    0.888889   0.800000  0.842105  10
187    0.600000   0.600000  0.600000  10
188    0.545455   0.600000  0.571429  10
189    1.000000   1.000000  1.000000  10
190    0.538462   0.700000  0.608696  10
191    0.888889   0.800000  0.842105  10
192    0.777778   0.700000  0.736842  10
193    0.833333   0.500000  0.625000  10
194    0.888889   0.800000  0.842105  10
195    0.875000   0.700000  0.777778  10
196    0.900000   0.900000  0.900000  10
197    0.466667   0.700000  0.560000  10
198    0.727273   0.800000  0.761905  10
199    0.727273   0.800000  0.761905  10
200    0.888889   0.800000  0.842105  10
201    1.000000   0.500000  0.666667  10
202    0.583333   0.700000  0.636364  10
203    0.454545   0.500000  0.476190  10
204    0.700000   0.700000  0.700000  10
205    1.000000   0.900000  0.947368  10
206    0.857143   0.600000  0.705882  10
207    0.900000   0.900000  0.900000  10
208    1.000000   1.000000  1.000000  10
209    0.800000   0.800000  0.800000  10
210    0.900000   0.900000  0.900000  10
211    0.909091   1.000000  0.952381  10
212    0.875000   0.700000  0.777778  10
213    1.000000   0.600000  0.750000  10
214    0.800000   0.800000  0.800000  10
215    0.900000   0.900000  0.900000  10
216    0.727273   0.800000  0.761905  10
217    0.615385   0.800000  0.695652  10
218    0.833333   1.000000  0.909091  10
219    0.888889   0.800000  0.842105  10
220    0.777778   0.700000  0.736842  10
221    1.000000   0.900000  0.947368  10
222    0.833333   1.000000  0.909091  10
223    0.833333   1.000000  0.909091  10
224    0.727273   0.800000  0.761905  10
225    1.000000   0.800000  0.888889  10
226    1.000000   0.900000  0.947368  10
227    0.833333   0.500000  0.625000  10
228    0.625000   0.500000  0.555556  10
229    0.714286   1.000000  0.833333  10
230    0.615385   0.800000  0.695652  10
231    1.000000   0.600000  0.750000  10
232    0.642857   0.900000  0.750000  10
233    0.833333   0.500000  0.625000  10
234    0.666667   0.600000  0.631579  10
235    0.900000   0.900000  0.900000  10
236    0.727273   0.800000  0.761905  10
237    0.875000   0.700000  0.777778  10
238    0.833333   1.000000  0.909091  10
239    0.888889   0.800000  0.842105  10
240    0.900000   0.900000  0.900000  10
241    0.800000   0.800000  0.800000  10
242    0.692308   0.900000  0.782609  10
243    1.000000   1.000000  1.000000  10
244    0.800000   0.800000  0.800000  10
245    0.777778   0.700000  0.736842  10
246    0.538462   0.700000  0.608696  10
247    0.500000   0.400000  0.444444  10
248    0.875000   0.700000  0.777778  10
249    1.000000   0.800000  0.888889  10
250    1.000000   0.700000  0.823529  10
251    1.000000   1.000000  1.000000  10
252    1.000000   0.800000  0.888889  10
253    0.666667   0.600000  0.631579  10
254    0.750000   0.900000  0.818182  10
255    1.000000   0.800000  0.888889  10
256    0.833333   0.500000  0.625000  10
257    0.769231   1.000000  0.869565  10
258    0.857143   0.600000  0.705882  10
259    0.600000   0.900000  0.720000  10
260    0.700000   0.700000  0.700000  10
261    0.909091   1.000000  0.952381  10
262    1.000000   0.800000  0.888889  10
263    1.000000   1.000000  1.000000  10
264    0.909091   1.000000  0.952381  10
265    0.857143   0.600000  0.705882  10
266    0.818182   0.900000  0.857143  10
267    0.833333   1.000000  0.909091  10
268    0.909091   1.000000  0.952381  10
269    0.818182   0.900000  0.857143  10
270    1.000000   0.900000  0.947368  10
271    0.692308   0.900000  0.782609  10
272    1.000000   0.900000  0.947368  10
273    0.769231   1.000000  0.869565  10
274    1.000000   0.900000  0.947368  10
275    0.888889   0.800000  0.842105  10
276    0.800000   0.800000  0.800000  10
277    0.833333   1.000000  0.909091  10
278    0.666667   0.600000  0.631579  10
279    0.900000   0.900000  0.900000  10
280    0.769231   1.000000  0.869565  10
281    1.000000   0.900000  0.947368  10
282    0.900000   0.900000  0.900000  10
283    1.000000   1.000000  1.000000  10
284    0.900000   0.900000  0.900000  10
285    1.000000   0.900000  0.947368  10
286    0.888889   0.800000  0.842105  10
287    0.888889   0.800000  0.842105  10
288    0.818182   0.900000  0.857143  10
289    0.900000   0.900000  0.900000  10
290    1.000000   0.800000  0.888889  10
291    1.000000   1.000000  1.000000  10
292    0.769231   1.000000  0.869565  10
293    1.000000   0.600000  0.750000  10
294    0.769231   1.000000  0.869565  10
295    0.727273   0.800000  0.761905  10
296    1.000000   0.600000  0.750000  10
297    0.750000   0.900000  0.818182  10
298    0.600000   0.900000  0.720000  10
299    0.769231   1.000000  0.869565  10
300    0.750000   0.900000  0.818182  10
301    1.000000   1.000000  1.000000  10
302    0.909091   1.000000  0.952381  10
303    0.818182   0.900000  0.857143  10
304    1.000000   0.900000  0.947368  10
305    0.888889   0.800000  0.842105  10
306    0.818182   0.900000  0.857143  10
307    1.000000   0.900000  0.947368  10
308    0.636364   0.700000  0.666667  10
309    0.800000   0.800000  0.800000  10
310    1.000000   0.800000  0.888889  10
311    0.818182   0.900000  0.857143  10
312    0.750000   0.900000  0.818182  10
313    1.000000   0.600000  0.750000  10
314    0.700000   0.700000  0.700000  10
315    0.900000   0.900000  0.900000  10
316    0.714286   1.000000  0.833333  10
317    1.000000   0.700000  0.823529  10
318    0.900000   0.900000  0.900000  10
319    1.000000   0.900000  0.947368  10
320    1.000000   1.000000  1.000000  10
321    0.900000   0.900000  0.900000  10
322    0.352941   0.600000  0.444444  10
323    0.727273   0.800000  0.761905  10
324    0.769231   1.000000  0.869565  10
325    0.700000   0.700000  0.700000  10
326    0.750000   0.900000  0.818182  10
327    0.900000   0.900000  0.900000  10
328    0.750000   0.900000  0.818182  10
329    1.000000   0.900000  0.947368  10
330    0.900000   0.900000  0.900000  10
331    0.818182   0.900000  0.857143  10
332    0.533333   0.800000  0.640000  10
333    0.500000   0.600000  0.545455  10
334    0.857143   0.600000  0.705882  10
335    0.700000   0.700000  0.700000  10
336    0.600000   0.600000  0.600000  10
337    1.000000   0.800000  0.888889  10
338    0.727273   0.800000  0.761905  10
339    0.818182   0.900000  0.857143  10
340    0.769231   1.000000  0.869565  10
341    0.750000   0.900000  0.818182  10
342    0.833333   1.000000  0.909091  10
343    0.900000   0.900000  0.900000  10
344    1.000000   0.900000  0.947368  10
345    0.900000   0.900000  0.900000  10
346    0.666667   0.600000  0.631579  10
347    0.777778   0.700000  0.736842  10
348    0.888889   0.800000  0.842105  10
349    0.750000   0.600000  0.666667  10
350    1.000000   1.000000  1.000000  10
351    0.875000   0.700000  0.777778  10
352    1.000000   0.900000  0.947368  10
353    0.700000   0.700000  0.700000  10
354    0.600000   0.600000  0.600000  10
355    0.583333   0.700000  0.636364  10
356    0.888889   0.800000  0.842105  10
357    0.615385   0.800000  0.695652  10
358    0.562500   0.900000  0.692308  10
359    0.888889   0.800000  0.842105  10
360    0.900000   0.900000  0.900000  10
361    0.875000   0.700000  0.777778  10
362    1.000000   0.900000  0.947368  10
363    0.800000   0.800000  0.800000  10
364    0.888889   0.800000  0.842105  10
365    1.000000   0.900000  0.947368  10
366    1.000000   0.900000  0.947368  10
367    0.909091   1.000000  0.952381  10
368    0.727273   0.800000  0.761905  10
369    1.000000   0.800000  0.888889  10
370    1.000000   1.000000  1.000000  10
371    0.818182   0.900000  0.857143  10
372    0.777778   0.700000  0.736842  10
373    0.727273   0.800000  0.761905  10
374    0.600000   0.300000  0.400000  10
375    0.909091   1.000000  0.952381  10
376    1.000000   0.900000  0.947368  10
377    1.000000   0.900000  0.947368  10
378    1.000000   0.900000  0.947368  10
379    0.833333   1.000000  0.909091  10
380    0.909091   1.000000  0.952381  10
381    0.666667   0.800000  0.727273  10
382    0.833333   1.000000  0.909091  10
383    0.666667   0.600000  0.631579  10
384    0.833333   1.000000  0.909091  10
385    0.571429   0.800000  0.666667  10
386    1.000000   0.900000  0.947368  10
387    0.692308   0.900000  0.782609  10
388    0.777778   0.700000  0.736842  10
389    0.454545   0.500000  0.476190  10
390    0.625000   0.500000  0.555556  10
391    0.666667   0.600000  0.631579  10
392    1.000000   0.700000  0.823529  10
393    0.777778   0.700000  0.736842  10
394    0.777778   0.700000  0.736842  10
395    0.833333   0.500000  0.625000  10
396    1.000000   1.000000  1.000000  10
397    1.000000   1.000000  1.000000  10
398    0.800000   0.800000  0.800000  10
399    0.700000   0.700000  0.700000  10
400    0.888889   0.800000  0.842105  10
401    0.818182   0.900000  0.857143  10
402    0.909091   1.000000  0.952381  10
403    1.000000   0.800000  0.888889  10
404    0.909091   1.000000  0.952381  10
405    0.769231   1.000000  0.869565  10
406    1.000000   1.000000  1.000000  10
407    0.727273   0.800000  0.761905  10
408    0.545455   0.600000  0.571429  10
409    1.000000   0.900000  0.947368  10
410    0.437500   0.700000  0.538462  10
411    1.000000   0.900000  0.947368  10
412    1.000000   0.900000  0.947368  10
413    0.909091   1.000000  0.952381  10
414    0.461538   0.600000  0.521739  10
415    0.800000   0.800000  0.800000  10
416    0.909091   1.000000  0.952381  10
417    1.000000   1.000000  1.000000  10
418    0.909091   1.000000  0.952381  10
419    1.000000   0.900000  0.947368  10
420    0.900000   0.900000  0.900000  10
421    1.000000   0.900000  0.947368  10
422    1.000000   0.700000  0.823529  10
423    1.000000   0.700000  0.823529  10
424    1.000000   0.900000  0.947368  10
425    0.833333   1.000000  0.909091  10
426    1.000000   0.800000  0.888889  10
427    0.769231   1.000000  0.869565  10
428    0.777778   0.700000  0.736842  10
429    0.857143   0.600000  0.705882  10
430    1.000000   0.900000  0.947368  10
431    0.400000   0.600000  0.480000  10
432    0.900000   0.900000  0.900000  10
433    1.000000   0.800000  0.888889  10
434    0.888889   0.800000  0.842105  10
435    0.800000   0.800000  0.800000  10
436    1.000000   0.700000  0.823529  10
437    1.000000   0.800000  0.888889  10
438    0.875000   0.700000  0.777778  10
439    0.900000   0.900000  0.900000  10
440    0.909091   1.000000  0.952381  10
441    0.571429   0.800000  0.666667  10
442    0.461538   0.600000  0.521739  10
443    0.909091   1.000000  0.952381  10
444    0.642857   0.900000  0.750000  10
445    1.000000   0.900000  0.947368  10
446    0.583333   0.700000  0.636364  10
447    1.000000   0.800000  0.888889  10
448    1.000000   0.800000  0.888889  10
449    0.466667   0.700000  0.560000  10
450    0.900000   0.900000  0.900000  10
451    0.888889   0.800000  0.842105  10
452    0.818182   0.900000  0.857143  10
453    0.666667   0.800000  0.727273  10
454    1.000000   0.900000  0.947368  10
455    0.600000   0.300000  0.400000  10
456    0.466667   0.700000  0.560000  10
457    1.000000   0.900000  0.947368  10
458    1.000000   0.700000  0.823529  10
459    0.909091   1.000000  0.952381  10
460    0.909091   1.000000  0.952381  10
461    0.818182   0.900000  0.857143  10
462    0.888889   0.800000  0.842105  10
463    0.750000   0.900000  0.818182  10
464    0.909091   1.000000  0.952381  10
465    0.727273   0.800000  0.761905  10
466    0.625000   0.500000  0.555556  10
467    0.857143   0.600000  0.705882  10
468    0.750000   0.600000  0.666667  10
469    0.833333   1.000000  0.909091  10
470    0.727273   0.800000  0.761905  10
471    0.750000   0.900000  0.818182  10
472    0.600000   0.600000  0.600000  10
473    0.642857   0.900000  0.750000  10
474    0.700000   0.700000  0.700000  10
475    0.818182   0.900000  0.857143  10
476    0.800000   0.800000  0.800000  10
477    0.818182   0.900000  0.857143  10
478    1.000000   0.600000  0.750000  10
479    0.700000   0.700000  0.700000  10
480    0.500000   0.700000  0.583333  10
481    0.857143   0.600000  0.705882  10
482    0.750000   0.900000  0.818182  10
483    0.769231   1.000000  0.869565  10
484    0.588235   1.000000  0.740741  10
485    0.833333   1.000000  0.909091  10
486    0.642857   0.900000  0.750000  10
487    0.818182   0.900000  0.857143  10
488    0.666667   0.800000  0.727273  10
489    1.000000   0.900000  0.947368  10
490    0.875000   0.700000  0.777778  10
491    1.000000   0.700000  0.823529  10
492    0.562500   0.900000  0.692308  10
493    1.000000   0.900000  0.947368  10
494    1.000000   0.200000  0.333333  10
495    0.555556   0.500000  0.526316  10
496    0.714286   0.500000  0.588235  10
497    0.500000   0.400000  0.444444  10
498    1.000000   0.800000  0.888889  10
499    0.800000   0.800000  0.800000  10
