Robustness classification report
model: pmg_cov
degradation: jpeg
severity: 3
num_samples: 5000
num_classes: 500
nll: 1.851639

Overall metrics
top1_accuracy: 0.804000 (80.40%)
top2_accuracy: 0.872800 (87.28%)
top3_accuracy: 0.899200 (89.92%)
top4_accuracy: 0.913400 (91.34%)
top5_accuracy: 0.921200 (92.12%)
macro_precision: 0.824767 (82.48%)
macro_recall: 0.804000 (80.40%)
macro_f1: 0.803025 (80.30%)

Per-class metrics
class  precision  recall  f1_score  support
000    0.909091   1.000000  0.952381  10
001    1.000000   0.400000  0.571429  10
002    0.818182   0.900000  0.857143  10
003    1.000000   0.700000  0.823529  10
004    0.642857   0.900000  0.750000  10
005    0.818182   0.900000  0.857143  10
006    0.818182   0.900000  0.857143  10
007    0.888889   0.800000  0.842105  10
008    0.777778   0.700000  0.736842  10
009    1.000000   1.000000  1.000000  10
010    1.000000   1.000000  1.000000  10
011    0.727273   0.800000  0.761905  10
012    0.900000   0.900000  0.900000  10
013    0.900000   0.900000  0.900000  10
014    0.750000   0.900000  0.818182  10
015    1.000000   1.000000  1.000000  10
016    0.888889   0.800000  0.842105  10
017    1.000000   0.900000  0.947368  10
018    0.909091   1.000000  0.952381  10
019    1.000000   0.800000  0.888889  10
020    0.800000   0.800000  0.800000  10
021    0.909091   1.000000  0.952381  10
022    1.000000   0.600000  0.750000  10
023    1.000000   0.900000  0.947368  10
024    0.909091   1.000000  0.952381  10
025    0.909091   1.000000  0.952381  10
026    0.727273   0.800000  0.761905  10
027    1.000000   0.900000  0.947368  10
028    1.000000   0.600000  0.750000  10
029    1.000000   0.900000  0.947368  10
030    0.714286   1.000000  0.833333  10
031    0.666667   0.600000  0.631579  10
032    1.000000   0.900000  0.947368  10
033    1.000000   0.700000  0.823529  10
034    0.818182   0.900000  0.857143  10
035    0.466667   0.700000  0.560000  10
036    0.909091   1.000000  0.952381  10
037    1.000000   0.900000  0.947368  10
038    0.750000   0.600000  0.666667  10
039    0.857143   0.600000  0.705882  10
040    1.000000   0.900000  0.947368  10
041    1.000000   1.000000  1.000000  10
042    1.000000   0.800000  0.888889  10
043    1.000000   0.900000  0.947368  10
044    0.750000   0.900000  0.818182  10
045    0.909091   1.000000  0.952381  10
046    0.833333   1.000000  0.909091  10
047    1.000000   0.800000  0.888889  10
048    1.000000   1.000000  1.000000  10
049    0.888889   0.800000  0.842105  10
050    1.000000   1.000000  1.000000  10
051    0.818182   0.900000  0.857143  10
052    1.000000   0.600000  0.750000  10
053    0.888889   0.800000  0.842105  10
054    1.000000   0.800000  0.888889  10
055    0.700000   0.700000  0.700000  10
056    0.857143   0.600000  0.705882  10
057    0.900000   0.900000  0.900000  10
058    0.909091   1.000000  0.952381  10
059    0.900000   0.900000  0.900000  10
060    0.833333   1.000000  0.909091  10
061    0.909091   1.000000  0.952381  10
062    1.000000   1.000000  1.000000  10
063    0.909091   1.000000  0.952381  10
064    1.000000   0.600000  0.750000  10
065    0.800000   0.800000  0.800000  10
066    0.750000   0.900000  0.818182  10
067    0.857143   0.600000  0.705882  10
068    0.900000   0.900000  0.900000  10
069    0.800000   0.800000  0.800000  10
070    0.833333   1.000000  0.909091  10
071    0.750000   0.900000  0.818182  10
072    0.769231   1.000000  0.869565  10
073    0.909091   1.000000  0.952381  10
074    0.900000   0.900000  0.900000  10
075    0.900000   0.900000  0.900000  10
076    1.000000   0.700000  0.823529  10
077    0.900000   0.900000  0.900000  10
078    1.000000   0.900000  0.947368  10
079    0.900000   0.900000  0.900000  10
080    1.000000   0.800000  0.888889  10
081    0.909091   1.000000  0.952381  10
082    0.909091   1.000000  0.952381  10
083    0.900000   0.900000  0.900000  10
084    0.800000   0.400000  0.533333  10
085    1.000000   1.000000  1.000000  10
086    1.000000   0.900000  0.947368  10
087    0.714286   1.000000  0.833333  10
088    0.500000   0.800000  0.615385  10
089    1.000000   0.900000  0.947368  10
090    1.000000   0.500000  0.666667  10
091    0.909091   1.000000  0.952381  10
092    1.000000   0.800000  0.888889  10
093    0.909091   1.000000  0.952381  10
094    0.700000   0.700000  0.700000  10
095    1.000000   1.000000  1.000000  10
096    1.000000   0.900000  0.947368  10
097    1.000000   0.800000  0.888889  10
098    1.000000   0.800000  0.888889  10
099    1.000000   0.900000  0.947368  10
100    1.000000   0.900000  0.947368  10
101    0.909091   1.000000  0.952381  10
102    1.000000   0.900000  0.947368  10
103    0.777778   0.700000  0.736842  10
104    1.000000   0.700000  0.823529  10
105    1.000000   0.900000  0.947368  10
106    0.888889   0.800000  0.842105  10
107    0.909091   1.000000  0.952381  10
108    1.000000   0.900000  0.947368  10
109    1.000000   0.900000  0.947368  10
110    0.800000   0.800000  0.800000  10
111    1.000000   0.800000  0.888889  10
112    0.909091   1.000000  0.952381  10
113    0.909091   1.000000  0.952381  10
114    0.818182   0.900000  0.857143  10
115    0.800000   0.800000  0.800000  10
116    1.000000   1.000000  1.000000  10
117    1.000000   0.900000  0.947368  10
118    1.000000   0.800000  0.888889  10
119    1.000000   0.700000  0.823529  10
120    1.000000   0.800000  0.888889  10
121    0.533333   0.800000  0.640000  10
122    0.800000   0.400000  0.533333  10
123    0.875000   0.700000  0.777778  10
124    0.714286   1.000000  0.833333  10
125    0.666667   0.600000  0.631579  10
126    0.875000   0.700000  0.777778  10
127    0.900000   0.900000  0.900000  10
128    0.636364   0.700000  0.666667  10
129    0.833333   1.000000  0.909091  10
130    1.000000   0.600000  0.750000  10
131    0.545455   0.600000  0.571429  10
132    0.888889   0.800000  0.842105  10
133    0.888889   0.800000  0.842105  10
134    1.000000   1.000000  1.000000  10
135    0.900000   0.900000  0.900000  10
136    0.727273   0.800000  0.761905  10
137    0.800000   0.800000  0.800000  10
138    0.818182   0.900000  0.857143  10
139    0.555556   0.500000  0.526316  10
140    0.700000   0.700000  0.700000  10
141    0.800000   0.800000  0.800000  10
142    1.000000   0.700000  0.823529  10
143    0.833333   0.500000  0.625000  10
144    0.714286   1.000000  0.833333  10
145    0.900000   0.900000  0.900000  10
146    1.000000   1.000000  1.000000  10
147    0.777778   0.700000  0.736842  10
148    1.000000   1.000000  1.000000  10
149    0.818182   0.900000  0.857143  10
150    0.600000   0.900000  0.720000  10
151    1.000000   1.000000  1.000000  10
152    0.727273   0.800000  0.761905  10
153    1.000000   0.900000  0.947368  10
154    0.888889   0.800000  0.842105  10
155    0.800000   0.400000  0.533333  10
156    0.875000   0.700000  0.777778  10
157    0.600000   0.600000  0.600000  10
158    0.500000   0.400000  0.444444  10
159    0.727273   0.800000  0.761905  10
160    0.615385   0.800000  0.695652  10
161    0.400000   0.400000  0.400000  10
162    0.727273   0.800000  0.761905  10
163    0.833333   1.000000  0.909091  10
164    0.600000   0.900000  0.720000  10
165    0.583333   0.700000  0.636364  10
166    0.454545   0.500000  0.476190  10
167    1.000000   0.800000  0.888889  10
168    0.818182   0.900000  0.857143  10
169    0.666667   0.800000  0.727273  10
170    0.750000   0.900000  0.818182  10
171    0.750000   0.900000  0.818182  10
172    0.888889   0.800000  0.842105  10
173    1.000000   0.900000  0.947368  10
174    0.800000   0.800000  0.800000  10
175    0.727273   0.800000  0.761905  10
176    0.700000   0.700000  0.700000  10
177    1.000000   0.700000  0.823529  10
178    0.600000   0.600000  0.600000  10
179    0.777778   0.700000  0.736842  10
180    0.666667   0.400000  0.500000  10
181    0.727273   0.800000  0.761905  10
182    0.833333   0.500000  0.625000  10
183    0.833333   1.000000  0.909091  10
184    0.875000   0.700000  0.777778  10
185    0.800000   0.800000  0.800000  10
186    0.700000   0.700000  0.700000  10
187    0.461538   0.600000  0.521739  10
188    0.888889   0.800000  0.842105  10
189    0.909091   1.000000  0.952381  10
190    0.714286   1.000000  0.833333  10
191    0.615385   0.800000  0.695652  10
192    0.888889   0.800000  0.842105  10
193    0.500000   0.500000  0.500000  10
194    0.800000   0.800000  0.800000  10
195    0.833333   0.500000  0.625000  10
196    1.000000   1.000000  1.000000  10
197    0.500000   0.600000  0.545455  10
198    0.625000   0.500000  0.555556  10
199    0.727273   0.800000  0.761905  10
200    0.800000   0.800000  0.800000  10
201    0.750000   0.600000  0.666667  10
202    0.666667   0.600000  0.631579  10
203    0.411765   0.700000  0.518519  10
204    0.727273   0.800000  0.761905  10
205    0.900000   0.900000  0.900000  10
206    0.500000   0.500000  0.500000  10
207    0.727273   0.800000  0.761905  10
208    0.666667   0.600000  0.631579  10
209    0.800000   0.800000  0.800000  10
210    0.888889   0.800000  0.842105  10
211    0.769231   1.000000  0.869565  10
212    1.000000   0.500000  0.666667  10
213    0.777778   0.700000  0.736842  10
214    0.600000   0.900000  0.720000  10
215    1.000000   0.800000  0.888889  10
216    0.875000   0.700000  0.777778  10
217    0.875000   0.700000  0.777778  10
218    0.900000   0.900000  0.900000  10
219    0.875000   0.700000  0.777778  10
220    0.777778   0.700000  0.736842  10
221    0.888889   0.800000  0.842105  10
222    0.900000   0.900000  0.900000  10
223    0.900000   0.900000  0.900000  10
224    0.700000   0.700000  0.700000  10
225    0.529412   0.900000  0.666667  10
226    0.888889   0.800000  0.842105  10
227    0.666667   0.400000  0.500000  10
228    0.400000   0.200000  0.266667  10
229    0.818182   0.900000  0.857143  10
230    0.727273   0.800000  0.761905  10
231    0.857143   0.600000  0.705882  10
232    0.615385   0.800000  0.695652  10
233    0.666667   0.600000  0.631579  10
234    1.000000   0.400000  0.571429  10
235    1.000000   0.700000  0.823529  10
236    0.818182   0.900000  0.857143  10
237    0.857143   0.600000  0.705882  10
238    0.769231   1.000000  0.869565  10
239    1.000000   0.500000  0.666667  10
240    1.000000   0.800000  0.888889  10
241    1.000000   0.700000  0.823529  10
242    0.900000   0.900000  0.900000  10
243    1.000000   1.000000  1.000000  10
244    0.666667   0.800000  0.727273  10
245    0.875000   0.700000  0.777778  10
246    0.500000   0.400000  0.444444  10
247    0.500000   0.300000  0.375000  10
248    0.666667   0.800000  0.727273  10
249    0.800000   0.800000  0.800000  10
250    1.000000   0.800000  0.888889  10
251    0.909091   1.000000  0.952381  10
252    0.888889   0.800000  0.842105  10
253    0.600000   0.600000  0.600000  10
254    0.900000   0.900000  0.900000  10
255    1.000000   0.600000  0.750000  10
256    0.555556   0.500000  0.526316  10
257    0.692308   0.900000  0.782609  10
258    0.727273   0.800000  0.761905  10
259    0.470588   0.800000  0.592593  10
260    0.615385   0.800000  0.695652  10
261    1.000000   0.900000  0.947368  10
262    0.909091   1.000000  0.952381  10
263    1.000000   0.900000  0.947368  10
264    0.909091   1.000000  0.952381  10
265    0.692308   0.900000  0.782609  10
266    1.000000   0.800000  0.888889  10
267    0.875000   0.700000  0.777778  10
268    0.900000   0.900000  0.900000  10
269    0.909091   1.000000  0.952381  10
270    1.000000   1.000000  1.000000  10
271    0.833333   1.000000  0.909091  10
272    0.750000   0.900000  0.818182  10
273    1.000000   0.900000  0.947368  10
274    0.900000   0.900000  0.900000  10
275    1.000000   0.900000  0.947368  10
276    0.692308   0.900000  0.782609  10
277    1.000000   0.900000  0.947368  10
278    0.666667   0.600000  0.631579  10
279    0.833333   1.000000  0.909091  10
280    0.900000   0.900000  0.900000  10
281    1.000000   0.700000  0.823529  10
282    0.875000   0.700000  0.777778  10
283    1.000000   0.900000  0.947368  10
284    0.900000   0.900000  0.900000  10
285    1.000000   1.000000  1.000000  10
286    0.750000   0.600000  0.666667  10
287    0.600000   0.900000  0.720000  10
288    0.692308   0.900000  0.782609  10
289    0.625000   1.000000  0.769231  10
290    0.800000   0.800000  0.800000  10
291    0.909091   1.000000  0.952381  10
292    0.909091   1.000000  0.952381  10
293    1.000000   0.800000  0.888889  10
294    0.888889   0.800000  0.842105  10
295    0.833333   1.000000  0.909091  10
296    0.818182   0.900000  0.857143  10
297    1.000000   0.800000  0.888889  10
298    0.900000   0.900000  0.900000  10
299    0.625000   1.000000  0.769231  10
300    1.000000   1.000000  1.000000  10
301    1.000000   1.000000  1.000000  10
302    1.000000   1.000000  1.000000  10
303    0.833333   1.000000  0.909091  10
304    0.833333   1.000000  0.909091  10
305    1.000000   0.700000  0.823529  10
306    0.818182   0.900000  0.857143  10
307    0.909091   1.000000  0.952381  10
308    0.529412   0.900000  0.666667  10
309    0.615385   0.800000  0.695652  10
310    1.000000   0.800000  0.888889  10
311    0.875000   0.700000  0.777778  10
312    0.800000   0.800000  0.800000  10
313    0.500000   0.800000  0.615385  10
314    0.875000   0.700000  0.777778  10
315    0.600000   0.900000  0.720000  10
316    0.833333   1.000000  0.909091  10
317    1.000000   0.900000  0.947368  10
318    0.692308   0.900000  0.782609  10
319    1.000000   0.900000  0.947368  10
320    1.000000   0.900000  0.947368  10
321    1.000000   0.900000  0.947368  10
322    0.333333   0.400000  0.363636  10
323    0.875000   0.700000  0.777778  10
324    0.500000   0.900000  0.642857  10
325    0.900000   0.900000  0.900000  10
326    1.000000   0.900000  0.947368  10
327    0.750000   0.900000  0.818182  10
328    0.476190   1.000000  0.645161  10
329    1.000000   1.000000  1.000000  10
330    0.615385   0.800000  0.695652  10
331    0.833333   1.000000  0.909091  10
332    0.625000   0.500000  0.555556  10
333    0.428571   0.300000  0.352941  10
334    0.625000   0.500000  0.555556  10
335    0.833333   0.500000  0.625000  10
336    0.666667   0.600000  0.631579  10
337    0.875000   0.700000  0.777778  10
338    0.583333   0.700000  0.636364  10
339    1.000000   0.800000  0.888889  10
340    0.833333   1.000000  0.909091  10
341    0.888889   0.800000  0.842105  10
342    0.909091   1.000000  0.952381  10
343    0.692308   0.900000  0.782609  10
344    0.909091   1.000000  0.952381  10
345    1.000000   0.900000  0.947368  10
346    0.714286   0.500000  0.588235  10
347    0.500000   0.800000  0.615385  10
348    0.900000   0.900000  0.900000  10
349    0.857143   0.600000  0.705882  10
350    1.000000   1.000000  1.000000  10
351    1.000000   0.800000  0.888889  10
352    1.000000   0.900000  0.947368  10
353    0.636364   0.700000  0.666667  10
354    0.777778   0.700000  0.736842  10
355    0.750000   0.600000  0.666667  10
356    0.800000   0.800000  0.800000  10
357    0.692308   0.900000  0.782609  10
358    0.818182   0.900000  0.857143  10
359    0.800000   0.800000  0.800000  10
360    1.000000   0.800000  0.888889  10
361    1.000000   0.800000  0.888889  10
362    0.818182   0.900000  0.857143  10
363    0.818182   0.900000  0.857143  10
364    0.750000   0.900000  0.818182  10
365    0.888889   0.800000  0.842105  10
366    0.900000   0.900000  0.900000  10
367    0.833333   0.500000  0.625000  10
368    0.692308   0.900000  0.782609  10
369    0.777778   0.700000  0.736842  10
370    1.000000   0.900000  0.947368  10
371    0.888889   0.800000  0.842105  10
372    0.900000   0.900000  0.900000  10
373    0.500000   0.800000  0.615385  10
374    1.000000   0.600000  0.750000  10
375    0.833333   1.000000  0.909091  10
376    0.769231   1.000000  0.869565  10
377    0.450000   0.900000  0.600000  10
378    1.000000   0.900000  0.947368  10
379    0.769231   1.000000  0.869565  10
380    0.818182   0.900000  0.857143  10
381    0.750000   0.600000  0.666667  10
382    0.800000   0.800000  0.800000  10
383    0.750000   0.600000  0.666667  10
384    1.000000   0.800000  0.888889  10
385    0.642857   0.900000  0.750000  10
386    0.727273   0.800000  0.761905  10
387    0.888889   0.800000  0.842105  10
388    1.000000   0.500000  0.666667  10
389    0.625000   0.500000  0.555556  10
390    0.800000   0.400000  0.533333  10
391    0.888889   0.800000  0.842105  10
392    1.000000   0.800000  0.888889  10
393    0.875000   0.700000  0.777778  10
394    0.833333   0.500000  0.625000  10
395    1.000000   0.800000  0.888889  10
396    0.909091   1.000000  0.952381  10
397    1.000000   1.000000  1.000000  10
398    0.666667   0.800000  0.727273  10
399    0.692308   0.900000  0.782609  10
400    0.818182   0.900000  0.857143  10
401    0.888889   0.800000  0.842105  10
402    0.769231   1.000000  0.869565  10
403    1.000000   0.800000  0.888889  10
404    1.000000   0.800000  0.888889  10
405    0.625000   1.000000  0.769231  10
406    0.769231   1.000000  0.869565  10
407    0.642857   0.900000  0.750000  10
408    0.555556   0.500000  0.526316  10
409    1.000000   0.900000  0.947368  10
410    1.000000   0.100000  0.181818  10
411    0.888889   0.800000  0.842105  10
412    1.000000   0.800000  0.888889  10
413    0.692308   0.900000  0.782609  10
414    0.636364   0.700000  0.666667  10
415    1.000000   0.800000  0.888889  10
416    0.833333   1.000000  0.909091  10
417    1.000000   1.000000  1.000000  10
418    0.909091   1.000000  0.952381  10
419    1.000000   0.800000  0.888889  10
420    0.818182   0.900000  0.857143  10
421    1.000000   0.900000  0.947368  10
422    0.857143   0.600000  0.705882  10
423    0.900000   0.900000  0.900000  10
424    1.000000   1.000000  1.000000  10
425    0.769231   1.000000  0.869565  10
426    0.750000   0.900000  0.818182  10
427    0.777778   0.700000  0.736842  10
428    0.888889   0.800000  0.842105  10
429    0.666667   0.600000  0.631579  10
430    1.000000   0.900000  0.947368  10
431    0.615385   0.800000  0.695652  10
432    0.900000   0.900000  0.900000  10
433    1.000000   0.800000  0.888889  10
434    1.000000   0.800000  0.888889  10
435    0.888889   0.800000  0.842105  10
436    0.727273   0.800000  0.761905  10
437    0.857143   0.600000  0.705882  10
438    0.857143   0.600000  0.705882  10
439    0.888889   0.800000  0.842105  10
440    1.000000   0.900000  0.947368  10
441    0.777778   0.700000  0.736842  10
442    0.384615   0.500000  0.434783  10
443    1.000000   1.000000  1.000000  10
444    1.000000   0.800000  0.888889  10
445    1.000000   0.900000  0.947368  10
446    0.700000   0.700000  0.700000  10
447    1.000000   0.900000  0.947368  10
448    1.000000   0.900000  0.947368  10
449    0.470588   0.800000  0.592593  10
450    0.900000   0.900000  0.900000  10
451    1.000000   0.700000  0.823529  10
452    0.909091   1.000000  0.952381  10
453    0.727273   0.800000  0.761905  10
454    0.818182   0.900000  0.857143  10
455    0.333333   0.200000  0.250000  10
456    0.428571   0.600000  0.500000  10
457    1.000000   0.900000  0.947368  10
458    0.888889   0.800000  0.842105  10
459    0.900000   0.900000  0.900000  10
460    0.888889   0.800000  0.842105  10
461    0.833333   1.000000  0.909091  10
462    0.800000   0.800000  0.800000  10
463    0.642857   0.900000  0.750000  10
464    1.000000   0.700000  0.823529  10
465    1.000000   0.600000  0.750000  10
466    0.250000   0.400000  0.307692  10
467    0.625000   0.500000  0.555556  10
468    0.800000   0.800000  0.800000  10
469    0.700000   0.700000  0.700000  10
470    0.666667   0.800000  0.727273  10
471    0.769231   1.000000  0.869565  10
472    0.600000   0.600000  0.600000  10
473    0.700000   0.700000  0.700000  10
474    0.833333   0.500000  0.625000  10
475    0.727273   0.800000  0.761905  10
476    0.727273   0.800000  0.761905  10
477    0.500000   1.000000  0.666667  10
478    0.666667   0.600000  0.631579  10
479    0.538462   0.700000  0.608696  10
480    0.833333   0.500000  0.625000  10
481    0.571429   0.800000  0.666667  10
482    0.900000   0.900000  0.900000  10
483    0.727273   0.800000  0.761905  10
484    0.750000   0.900000  0.818182  10
485    0.900000   0.900000  0.900000  10
486    0.750000   0.600000  0.666667  10
487    0.888889   0.800000  0.842105  10
488    0.636364   0.700000  0.666667  10
489    1.000000   1.000000  1.000000  10
490    0.583333   0.700000  0.636364  10
491    0.888889   0.800000  0.842105  10
492    0.714286   1.000000  0.833333  10
493    0.888889   0.800000  0.842105  10
494    0.666667   0.400000  0.500000  10
495    0.461538   0.600000  0.521739  10
496    0.636364   0.700000  0.666667  10
497    0.400000   0.200000  0.266667  10
498    0.900000   0.900000  0.900000  10
499    0.818182   0.900000  0.857143  10
