Robustness classification report
model: dino
degradation: brightness
severity: 2
num_samples: 5000
num_classes: 500
nll: 0.987964

Overall metrics
top1_accuracy: 0.880400 (88.04%)
top2_accuracy: 0.926400 (92.64%)
top3_accuracy: 0.943400 (94.34%)
top4_accuracy: 0.950600 (95.06%)
top5_accuracy: 0.955200 (95.52%)
macro_precision: 0.892191 (89.22%)
macro_recall: 0.880400 (88.04%)
macro_f1: 0.880705 (88.07%)

Per-class metrics
class  precision  recall  f1_score  support
000    0.909091   1.000000  0.952381  10
001    1.000000   0.700000  0.823529  10
002    0.800000   0.800000  0.800000  10
003    0.888889   0.800000  0.842105  10
004    0.909091   1.000000  0.952381  10
005    0.900000   0.900000  0.900000  10
006    0.900000   0.900000  0.900000  10
007    1.000000   1.000000  1.000000  10
008    0.875000   0.700000  0.777778  10
009    1.000000   1.000000  1.000000  10
010    0.909091   1.000000  0.952381  10
011    1.000000   0.800000  0.888889  10
012    1.000000   1.000000  1.000000  10
013    0.909091   1.000000  0.952381  10
014    1.000000   0.900000  0.947368  10
015    1.000000   1.000000  1.000000  10
016    1.000000   0.900000  0.947368  10
017    0.800000   0.800000  0.800000  10
018    0.909091   1.000000  0.952381  10
019    1.000000   0.800000  0.888889  10
020    1.000000   0.900000  0.947368  10
021    0.909091   1.000000  0.952381  10
022    0.777778   0.700000  0.736842  10
023    0.769231   1.000000  0.869565  10
024    1.000000   1.000000  1.000000  10
025    0.900000   0.900000  0.900000  10
026    0.750000   0.900000  0.818182  10
027    1.000000   0.800000  0.888889  10
028    1.000000   0.800000  0.888889  10
029    1.000000   1.000000  1.000000  10
030    0.833333   1.000000  0.909091  10
031    1.000000   0.700000  0.823529  10
032    1.000000   0.800000  0.888889  10
033    0.888889   0.800000  0.842105  10
034    0.769231   1.000000  0.869565  10
035    0.818182   0.900000  0.857143  10
036    0.714286   1.000000  0.833333  10
037    1.000000   0.900000  0.947368  10
038    1.000000   0.900000  0.947368  10
039    0.875000   0.700000  0.777778  10
040    1.000000   0.900000  0.947368  10
041    1.000000   1.000000  1.000000  10
042    0.888889   0.800000  0.842105  10
043    1.000000   0.900000  0.947368  10
044    1.000000   0.900000  0.947368  10
045    1.000000   1.000000  1.000000  10
046    0.909091   1.000000  0.952381  10
047    1.000000   1.000000  1.000000  10
048    0.909091   1.000000  0.952381  10
049    0.900000   0.900000  0.900000  10
050    1.000000   1.000000  1.000000  10
051    0.909091   1.000000  0.952381  10
052    0.875000   0.700000  0.777778  10
053    1.000000   0.900000  0.947368  10
054    0.900000   0.900000  0.900000  10
055    0.900000   0.900000  0.900000  10
056    0.833333   1.000000  0.909091  10
057    1.000000   0.900000  0.947368  10
058    1.000000   1.000000  1.000000  10
059    1.000000   0.900000  0.947368  10
060    0.900000   0.900000  0.900000  10
061    1.000000   1.000000  1.000000  10
062    1.000000   1.000000  1.000000  10
063    0.818182   0.900000  0.857143  10
064    1.000000   0.600000  0.750000  10
065    0.888889   0.800000  0.842105  10
066    0.666667   1.000000  0.800000  10
067    1.000000   0.800000  0.888889  10
068    1.000000   1.000000  1.000000  10
069    0.818182   0.900000  0.857143  10
070    1.000000   1.000000  1.000000  10
071    0.777778   0.700000  0.736842  10
072    1.000000   1.000000  1.000000  10
073    0.769231   1.000000  0.869565  10
074    0.833333   1.000000  0.909091  10
075    0.900000   0.900000  0.900000  10
076    1.000000   0.800000  0.888889  10
077    0.909091   1.000000  0.952381  10
078    0.900000   0.900000  0.900000  10
079    1.000000   0.800000  0.888889  10
080    1.000000   1.000000  1.000000  10
081    1.000000   0.800000  0.888889  10
082    1.000000   1.000000  1.000000  10
083    1.000000   1.000000  1.000000  10
084    1.000000   0.600000  0.750000  10
085    1.000000   1.000000  1.000000  10
086    0.909091   1.000000  0.952381  10
087    0.900000   0.900000  0.900000  10
088    0.692308   0.900000  0.782609  10
089    1.000000   1.000000  1.000000  10
090    1.000000   0.700000  0.823529  10
091    1.000000   1.000000  1.000000  10
092    1.000000   0.900000  0.947368  10
093    1.000000   1.000000  1.000000  10
094    0.666667   0.800000  0.727273  10
095    1.000000   1.000000  1.000000  10
096    1.000000   1.000000  1.000000  10
097    1.000000   0.800000  0.888889  10
098    0.818182   0.900000  0.857143  10
099    1.000000   0.900000  0.947368  10
100    0.909091   1.000000  0.952381  10
101    1.000000   1.000000  1.000000  10
102    0.900000   0.900000  0.900000  10
103    1.000000   0.700000  0.823529  10
104    0.900000   0.900000  0.900000  10
105    0.875000   0.700000  0.777778  10
106    0.888889   0.800000  0.842105  10
107    0.909091   1.000000  0.952381  10
108    1.000000   1.000000  1.000000  10
109    1.000000   1.000000  1.000000  10
110    0.900000   0.900000  0.900000  10
111    1.000000   0.900000  0.947368  10
112    1.000000   1.000000  1.000000  10
113    0.909091   1.000000  0.952381  10
114    1.000000   1.000000  1.000000  10
115    1.000000   0.900000  0.947368  10
116    1.000000   1.000000  1.000000  10
117    0.909091   1.000000  0.952381  10
118    1.000000   1.000000  1.000000  10
119    1.000000   0.800000  0.888889  10
120    0.909091   1.000000  0.952381  10
121    0.666667   0.800000  0.727273  10
122    1.000000   0.500000  0.666667  10
123    0.888889   0.800000  0.842105  10
124    1.000000   1.000000  1.000000  10
125    1.000000   0.900000  0.947368  10
126    1.000000   1.000000  1.000000  10
127    1.000000   1.000000  1.000000  10
128    0.909091   1.000000  0.952381  10
129    1.000000   0.900000  0.947368  10
130    0.777778   0.700000  0.736842  10
131    1.000000   0.700000  0.823529  10
132    1.000000   0.900000  0.947368  10
133    1.000000   0.900000  0.947368  10
134    1.000000   1.000000  1.000000  10
135    0.769231   1.000000  0.869565  10
136    0.875000   0.700000  0.777778  10
137    0.714286   1.000000  0.833333  10
138    0.900000   0.900000  0.900000  10
139    0.625000   0.500000  0.555556  10
140    0.666667   0.800000  0.727273  10
141    1.000000   1.000000  1.000000  10
142    1.000000   0.900000  0.947368  10
143    1.000000   0.700000  0.823529  10
144    0.833333   1.000000  0.909091  10
145    1.000000   1.000000  1.000000  10
146    1.000000   0.900000  0.947368  10
147    1.000000   0.900000  0.947368  10
148    0.900000   0.900000  0.900000  10
149    1.000000   1.000000  1.000000  10
150    0.750000   0.900000  0.818182  10
151    1.000000   1.000000  1.000000  10
152    0.888889   0.800000  0.842105  10
153    1.000000   1.000000  1.000000  10
154    0.800000   0.800000  0.800000  10
155    0.857143   0.600000  0.705882  10
156    0.692308   0.900000  0.782609  10
157    0.571429   0.400000  0.470588  10
158    0.700000   0.700000  0.700000  10
159    0.800000   0.800000  0.800000  10
160    0.777778   0.700000  0.736842  10
161    0.384615   0.500000  0.434783  10
162    0.750000   0.900000  0.818182  10
163    0.833333   1.000000  0.909091  10
164    0.750000   0.900000  0.818182  10
165    0.666667   0.800000  0.727273  10
166    1.000000   0.600000  0.750000  10
167    1.000000   0.800000  0.888889  10
168    0.727273   0.800000  0.761905  10
169    0.909091   1.000000  0.952381  10
170    0.888889   0.800000  0.842105  10
171    0.692308   0.900000  0.782609  10
172    0.900000   0.900000  0.900000  10
173    1.000000   0.800000  0.888889  10
174    0.800000   0.800000  0.800000  10
175    0.857143   0.600000  0.705882  10
176    0.714286   1.000000  0.833333  10
177    0.800000   0.800000  0.800000  10
178    1.000000   0.800000  0.888889  10
179    0.888889   0.800000  0.842105  10
180    0.700000   0.700000  0.700000  10
181    0.800000   0.800000  0.800000  10
182    1.000000   0.700000  0.823529  10
183    0.900000   0.900000  0.900000  10
184    1.000000   0.800000  0.888889  10
185    0.636364   0.700000  0.666667  10
186    0.692308   0.900000  0.782609  10
187    0.583333   0.700000  0.636364  10
188    0.727273   0.800000  0.761905  10
189    1.000000   1.000000  1.000000  10
190    1.000000   0.900000  0.947368  10
191    0.833333   1.000000  0.909091  10
192    0.888889   0.800000  0.842105  10
193    0.888889   0.800000  0.842105  10
194    0.727273   0.800000  0.761905  10
195    0.777778   0.700000  0.736842  10
196    0.909091   1.000000  0.952381  10
197    0.700000   0.700000  0.700000  10
198    0.700000   0.700000  0.700000  10
199    0.727273   0.800000  0.761905  10
200    1.000000   0.900000  0.947368  10
201    1.000000   0.900000  0.947368  10
202    0.625000   0.500000  0.555556  10
203    0.437500   0.700000  0.538462  10
204    0.750000   0.900000  0.818182  10
205    0.833333   1.000000  0.909091  10
206    0.750000   0.600000  0.666667  10
207    0.900000   0.900000  0.900000  10
208    1.000000   0.800000  0.888889  10
209    1.000000   0.700000  0.823529  10
210    0.666667   1.000000  0.800000  10
211    0.900000   0.900000  0.900000  10
212    0.727273   0.800000  0.761905  10
213    1.000000   0.700000  0.823529  10
214    0.888889   0.800000  0.842105  10
215    1.000000   0.800000  0.888889  10
216    1.000000   0.900000  0.947368  10
217    0.888889   0.800000  0.842105  10
218    0.909091   1.000000  0.952381  10
219    1.000000   0.900000  0.947368  10
220    0.727273   0.800000  0.761905  10
221    1.000000   0.800000  0.888889  10
222    0.833333   1.000000  0.909091  10
223    0.909091   1.000000  0.952381  10
224    0.538462   0.700000  0.608696  10
225    0.692308   0.900000  0.782609  10
226    0.818182   0.900000  0.857143  10
227    0.615385   0.800000  0.695652  10
228    0.857143   0.600000  0.705882  10
229    1.000000   1.000000  1.000000  10
230    0.692308   0.900000  0.782609  10
231    1.000000   0.800000  0.888889  10
232    0.700000   0.700000  0.700000  10
233    0.750000   0.600000  0.666667  10
234    0.900000   0.900000  0.900000  10
235    0.900000   0.900000  0.900000  10
236    0.900000   0.900000  0.900000  10
237    0.900000   0.900000  0.900000  10
238    1.000000   1.000000  1.000000  10
239    0.888889   0.800000  0.842105  10
240    1.000000   0.800000  0.888889  10
241    1.000000   0.700000  0.823529  10
242    0.900000   0.900000  0.900000  10
243    1.000000   1.000000  1.000000  10
244    0.800000   0.800000  0.800000  10
245    0.538462   0.700000  0.608696  10
246    0.600000   0.600000  0.600000  10
247    0.500000   0.500000  0.500000  10
248    1.000000   0.800000  0.888889  10
249    1.000000   0.900000  0.947368  10
250    0.769231   1.000000  0.869565  10
251    0.909091   1.000000  0.952381  10
252    1.000000   0.700000  0.823529  10
253    1.000000   0.500000  0.666667  10
254    0.833333   1.000000  0.909091  10
255    0.800000   0.800000  0.800000  10
256    0.363636   0.400000  0.380952  10
257    0.727273   0.800000  0.761905  10
258    0.727273   0.800000  0.761905  10
259    0.615385   0.800000  0.695652  10
260    0.818182   0.900000  0.857143  10
261    0.909091   1.000000  0.952381  10
262    0.833333   1.000000  0.909091  10
263    1.000000   1.000000  1.000000  10
264    1.000000   1.000000  1.000000  10
265    0.818182   0.900000  0.857143  10
266    1.000000   0.700000  0.823529  10
267    0.900000   0.900000  0.900000  10
268    0.769231   1.000000  0.869565  10
269    0.714286   1.000000  0.833333  10
270    1.000000   0.900000  0.947368  10
271    0.888889   0.800000  0.842105  10
272    1.000000   0.900000  0.947368  10
273    0.800000   0.800000  0.800000  10
274    1.000000   1.000000  1.000000  10
275    0.900000   0.900000  0.900000  10
276    0.909091   1.000000  0.952381  10
277    1.000000   0.900000  0.947368  10
278    0.857143   0.600000  0.705882  10
279    0.909091   1.000000  0.952381  10
280    0.818182   0.900000  0.857143  10
281    0.900000   0.900000  0.900000  10
282    1.000000   0.700000  0.823529  10
283    1.000000   1.000000  1.000000  10
284    0.900000   0.900000  0.900000  10
285    0.818182   0.900000  0.857143  10
286    0.900000   0.900000  0.900000  10
287    0.888889   0.800000  0.842105  10
288    0.900000   0.900000  0.900000  10
289    1.000000   0.800000  0.888889  10
290    0.909091   1.000000  0.952381  10
291    1.000000   1.000000  1.000000  10
292    0.900000   0.900000  0.900000  10
293    1.000000   0.900000  0.947368  10
294    0.818182   0.900000  0.857143  10
295    0.769231   1.000000  0.869565  10
296    0.888889   0.800000  0.842105  10
297    0.900000   0.900000  0.900000  10
298    0.900000   0.900000  0.900000  10
299    0.769231   1.000000  0.869565  10
300    1.000000   0.900000  0.947368  10
301    1.000000   1.000000  1.000000  10
302    1.000000   1.000000  1.000000  10
303    1.000000   1.000000  1.000000  10
304    0.909091   1.000000  0.952381  10
305    0.818182   0.900000  0.857143  10
306    1.000000   1.000000  1.000000  10
307    1.000000   1.000000  1.000000  10
308    0.692308   0.900000  0.782609  10
309    0.714286   1.000000  0.833333  10
310    1.000000   1.000000  1.000000  10
311    1.000000   0.900000  0.947368  10
312    0.909091   1.000000  0.952381  10
313    0.888889   0.800000  0.842105  10
314    1.000000   0.800000  0.888889  10
315    0.909091   1.000000  0.952381  10
316    0.833333   1.000000  0.909091  10
317    1.000000   1.000000  1.000000  10
318    0.818182   0.900000  0.857143  10
319    1.000000   0.900000  0.947368  10
320    1.000000   1.000000  1.000000  10
321    0.909091   1.000000  0.952381  10
322    0.750000   0.600000  0.666667  10
323    0.900000   0.900000  0.900000  10
324    0.833333   1.000000  0.909091  10
325    0.714286   1.000000  0.833333  10
326    1.000000   1.000000  1.000000  10
327    0.909091   1.000000  0.952381  10
328    0.833333   1.000000  0.909091  10
329    1.000000   1.000000  1.000000  10
330    0.833333   1.000000  0.909091  10
331    0.818182   0.900000  0.857143  10
332    0.727273   0.800000  0.761905  10
333    0.727273   0.800000  0.761905  10
334    0.875000   0.700000  0.777778  10
335    0.750000   0.600000  0.666667  10
336    0.888889   0.800000  0.842105  10
337    0.875000   0.700000  0.777778  10
338    0.909091   1.000000  0.952381  10
339    1.000000   0.900000  0.947368  10
340    0.833333   1.000000  0.909091  10
341    0.909091   1.000000  0.952381  10
342    1.000000   1.000000  1.000000  10
343    1.000000   1.000000  1.000000  10
344    1.000000   1.000000  1.000000  10
345    0.909091   1.000000  0.952381  10
346    1.000000   0.700000  0.823529  10
347    1.000000   0.900000  0.947368  10
348    0.900000   0.900000  0.900000  10
349    1.000000   0.700000  0.823529  10
350    1.000000   1.000000  1.000000  10
351    0.900000   0.900000  0.900000  10
352    0.900000   0.900000  0.900000  10
353    1.000000   0.800000  0.888889  10
354    1.000000   0.700000  0.823529  10
355    0.833333   1.000000  0.909091  10
356    0.900000   0.900000  0.900000  10
357    1.000000   1.000000  1.000000  10
358    0.818182   0.900000  0.857143  10
359    0.909091   1.000000  0.952381  10
360    0.909091   1.000000  0.952381  10
361    1.000000   0.900000  0.947368  10
362    1.000000   0.900000  0.947368  10
363    0.909091   1.000000  0.952381  10
364    1.000000   0.900000  0.947368  10
365    1.000000   0.900000  0.947368  10
366    0.900000   0.900000  0.900000  10
367    1.000000   0.700000  0.823529  10
368    0.750000   0.900000  0.818182  10
369    0.750000   0.900000  0.818182  10
370    0.909091   1.000000  0.952381  10
371    1.000000   1.000000  1.000000  10
372    1.000000   0.900000  0.947368  10
373    0.727273   0.800000  0.761905  10
374    1.000000   0.700000  0.823529  10
375    0.818182   0.900000  0.857143  10
376    1.000000   0.800000  0.888889  10
377    1.000000   0.900000  0.947368  10
378    1.000000   0.900000  0.947368  10
379    0.833333   1.000000  0.909091  10
380    1.000000   1.000000  1.000000  10
381    0.888889   0.800000  0.842105  10
382    1.000000   0.900000  0.947368  10
383    0.900000   0.900000  0.900000  10
384    1.000000   0.900000  0.947368  10
385    0.909091   1.000000  0.952381  10
386    0.833333   1.000000  0.909091  10
387    1.000000   0.900000  0.947368  10
388    1.000000   0.600000  0.750000  10
389    0.818182   0.900000  0.857143  10
390    1.000000   0.800000  0.888889  10
391    0.900000   0.900000  0.900000  10
392    1.000000   0.800000  0.888889  10
393    0.888889   0.800000  0.842105  10
394    0.909091   1.000000  0.952381  10
395    0.909091   1.000000  0.952381  10
396    0.769231   1.000000  0.869565  10
397    1.000000   1.000000  1.000000  10
398    0.909091   1.000000  0.952381  10
399    0.666667   0.800000  0.727273  10
400    1.000000   1.000000  1.000000  10
401    1.000000   1.000000  1.000000  10
402    1.000000   1.000000  1.000000  10
403    1.000000   0.900000  0.947368  10
404    1.000000   0.900000  0.947368  10
405    0.833333   1.000000  0.909091  10
406    0.909091   1.000000  0.952381  10
407    0.818182   0.900000  0.857143  10
408    0.636364   0.700000  0.666667  10
409    1.000000   0.900000  0.947368  10
410    0.615385   0.800000  0.695652  10
411    1.000000   0.900000  0.947368  10
412    0.909091   1.000000  0.952381  10
413    1.000000   1.000000  1.000000  10
414    0.692308   0.900000  0.782609  10
415    1.000000   1.000000  1.000000  10
416    1.000000   1.000000  1.000000  10
417    1.000000   1.000000  1.000000  10
418    1.000000   1.000000  1.000000  10
419    1.000000   1.000000  1.000000  10
420    1.000000   1.000000  1.000000  10
421    1.000000   0.900000  0.947368  10
422    1.000000   0.900000  0.947368  10
423    0.818182   0.900000  0.857143  10
424    1.000000   1.000000  1.000000  10
425    0.909091   1.000000  0.952381  10
426    1.000000   0.900000  0.947368  10
427    0.909091   1.000000  0.952381  10
428    0.888889   0.800000  0.842105  10
429    0.875000   0.700000  0.777778  10
430    1.000000   0.900000  0.947368  10
431    0.642857   0.900000  0.750000  10
432    1.000000   0.900000  0.947368  10
433    1.000000   0.900000  0.947368  10
434    0.900000   0.900000  0.900000  10
435    0.727273   0.800000  0.761905  10
436    0.888889   0.800000  0.842105  10
437    1.000000   0.900000  0.947368  10
438    1.000000   0.700000  0.823529  10
439    0.900000   0.900000  0.900000  10
440    1.000000   1.000000  1.000000  10
441    0.875000   0.700000  0.777778  10
442    0.500000   0.600000  0.545455  10
443    1.000000   1.000000  1.000000  10
444    0.909091   1.000000  0.952381  10
445    1.000000   0.900000  0.947368  10
446    1.000000   0.900000  0.947368  10
447    0.900000   0.900000  0.900000  10
448    0.888889   0.800000  0.842105  10
449    0.562500   0.900000  0.692308  10
450    0.900000   0.900000  0.900000  10
451    1.000000   1.000000  1.000000  10
452    1.000000   1.000000  1.000000  10
453    0.888889   0.800000  0.842105  10
454    1.000000   1.000000  1.000000  10
455    0.714286   0.500000  0.588235  10
456    0.583333   0.700000  0.636364  10
457    1.000000   1.000000  1.000000  10
458    0.909091   1.000000  0.952381  10
459    1.000000   0.900000  0.947368  10
460    0.909091   1.000000  0.952381  10
461    0.909091   1.000000  0.952381  10
462    0.800000   0.800000  0.800000  10
463    0.833333   1.000000  0.909091  10
464    0.900000   0.900000  0.900000  10
465    0.727273   0.800000  0.761905  10
466    0.545455   0.600000  0.571429  10
467    0.538462   0.700000  0.608696  10
468    1.000000   0.800000  0.888889  10
469    0.909091   1.000000  0.952381  10
470    1.000000   0.900000  0.947368  10
471    1.000000   1.000000  1.000000  10
472    0.615385   0.800000  0.695652  10
473    1.000000   0.900000  0.947368  10
474    0.888889   0.800000  0.842105  10
475    0.909091   1.000000  0.952381  10
476    0.900000   0.900000  0.900000  10
477    0.900000   0.900000  0.900000  10
478    0.900000   0.900000  0.900000  10
479    0.818182   0.900000  0.857143  10
480    0.777778   0.700000  0.736842  10
481    0.727273   0.800000  0.761905  10
482    1.000000   0.800000  0.888889  10
483    0.909091   1.000000  0.952381  10
484    0.769231   1.000000  0.869565  10
485    1.000000   0.900000  0.947368  10
486    1.000000   0.900000  0.947368  10
487    0.818182   0.900000  0.857143  10
488    0.818182   0.900000  0.857143  10
489    1.000000   0.900000  0.947368  10
490    0.875000   0.700000  0.777778  10
491    1.000000   0.900000  0.947368  10
492    0.818182   0.900000  0.857143  10
493    0.900000   0.900000  0.900000  10
494    0.800000   0.800000  0.800000  10
495    0.777778   0.700000  0.736842  10
496    0.700000   0.700000  0.700000  10
497    0.600000   0.600000  0.600000  10
498    0.909091   1.000000  0.952381  10
499    1.000000   0.900000  0.947368  10
