Robustness classification report
model: dino
degradation: gaussian_noise
severity: 2
num_samples: 5000
num_classes: 500
nll: 1.089960

Overall metrics
top1_accuracy: 0.863000 (86.30%)
top2_accuracy: 0.913400 (91.34%)
top3_accuracy: 0.931600 (93.16%)
top4_accuracy: 0.941000 (94.10%)
top5_accuracy: 0.946000 (94.60%)
macro_precision: 0.875075 (87.51%)
macro_recall: 0.863000 (86.30%)
macro_f1: 0.862961 (86.30%)

Per-class metrics
class  precision  recall  f1_score  support
000    0.909091   1.000000  0.952381  10
001    0.888889   0.800000  0.842105  10
002    0.818182   0.900000  0.857143  10
003    1.000000   0.800000  0.888889  10
004    0.900000   0.900000  0.900000  10
005    0.818182   0.900000  0.857143  10
006    0.888889   0.800000  0.842105  10
007    0.900000   0.900000  0.900000  10
008    1.000000   0.600000  0.750000  10
009    1.000000   1.000000  1.000000  10
010    0.909091   1.000000  0.952381  10
011    1.000000   0.800000  0.888889  10
012    1.000000   1.000000  1.000000  10
013    0.909091   1.000000  0.952381  10
014    1.000000   1.000000  1.000000  10
015    1.000000   0.900000  0.947368  10
016    1.000000   0.900000  0.947368  10
017    0.818182   0.900000  0.857143  10
018    0.833333   1.000000  0.909091  10
019    1.000000   0.800000  0.888889  10
020    1.000000   0.900000  0.947368  10
021    0.909091   1.000000  0.952381  10
022    0.800000   0.800000  0.800000  10
023    0.714286   1.000000  0.833333  10
024    1.000000   1.000000  1.000000  10
025    1.000000   0.900000  0.947368  10
026    0.615385   0.800000  0.695652  10
027    0.818182   0.900000  0.857143  10
028    0.818182   0.900000  0.857143  10
029    1.000000   0.900000  0.947368  10
030    1.000000   1.000000  1.000000  10
031    1.000000   0.900000  0.947368  10
032    0.800000   0.800000  0.800000  10
033    1.000000   0.700000  0.823529  10
034    0.769231   1.000000  0.869565  10
035    0.769231   1.000000  0.869565  10
036    0.625000   1.000000  0.769231  10
037    1.000000   1.000000  1.000000  10
038    1.000000   0.800000  0.888889  10
039    0.900000   0.900000  0.900000  10
040    0.900000   0.900000  0.900000  10
041    1.000000   1.000000  1.000000  10
042    1.000000   0.800000  0.888889  10
043    1.000000   0.900000  0.947368  10
044    1.000000   0.900000  0.947368  10
045    1.000000   1.000000  1.000000  10
046    0.909091   1.000000  0.952381  10
047    1.000000   1.000000  1.000000  10
048    1.000000   1.000000  1.000000  10
049    0.800000   0.800000  0.800000  10
050    1.000000   1.000000  1.000000  10
051    0.833333   1.000000  0.909091  10
052    0.857143   0.600000  0.705882  10
053    1.000000   0.900000  0.947368  10
054    1.000000   0.900000  0.947368  10
055    1.000000   0.800000  0.888889  10
056    0.888889   0.800000  0.842105  10
057    0.818182   0.900000  0.857143  10
058    1.000000   1.000000  1.000000  10
059    1.000000   0.900000  0.947368  10
060    1.000000   0.900000  0.947368  10
061    1.000000   1.000000  1.000000  10
062    1.000000   1.000000  1.000000  10
063    0.909091   1.000000  0.952381  10
064    0.875000   0.700000  0.777778  10
065    0.666667   0.800000  0.727273  10
066    0.909091   1.000000  0.952381  10
067    1.000000   0.800000  0.888889  10
068    1.000000   1.000000  1.000000  10
069    0.750000   0.900000  0.818182  10
070    1.000000   1.000000  1.000000  10
071    0.777778   0.700000  0.736842  10
072    0.909091   1.000000  0.952381  10
073    0.833333   1.000000  0.909091  10
074    0.769231   1.000000  0.869565  10
075    0.900000   0.900000  0.900000  10
076    1.000000   0.800000  0.888889  10
077    0.909091   1.000000  0.952381  10
078    0.888889   0.800000  0.842105  10
079    0.900000   0.900000  0.900000  10
080    1.000000   1.000000  1.000000  10
081    1.000000   0.800000  0.888889  10
082    0.909091   1.000000  0.952381  10
083    1.000000   0.900000  0.947368  10
084    0.875000   0.700000  0.777778  10
085    1.000000   1.000000  1.000000  10
086    0.900000   0.900000  0.900000  10
087    0.900000   0.900000  0.900000  10
088    0.642857   0.900000  0.750000  10
089    1.000000   1.000000  1.000000  10
090    1.000000   0.700000  0.823529  10
091    1.000000   1.000000  1.000000  10
092    1.000000   0.900000  0.947368  10
093    0.833333   1.000000  0.909091  10
094    0.727273   0.800000  0.761905  10
095    1.000000   1.000000  1.000000  10
096    1.000000   1.000000  1.000000  10
097    1.000000   0.900000  0.947368  10
098    0.800000   0.800000  0.800000  10
099    1.000000   0.900000  0.947368  10
100    0.833333   1.000000  0.909091  10
101    1.000000   1.000000  1.000000  10
102    0.900000   0.900000  0.900000  10
103    0.777778   0.700000  0.736842  10
104    1.000000   0.900000  0.947368  10
105    1.000000   0.800000  0.888889  10
106    1.000000   0.800000  0.888889  10
107    0.909091   1.000000  0.952381  10
108    1.000000   1.000000  1.000000  10
109    1.000000   0.900000  0.947368  10
110    0.900000   0.900000  0.900000  10
111    0.875000   0.700000  0.777778  10
112    1.000000   0.900000  0.947368  10
113    1.000000   1.000000  1.000000  10
114    0.909091   1.000000  0.952381  10
115    1.000000   0.900000  0.947368  10
116    1.000000   1.000000  1.000000  10
117    0.909091   1.000000  0.952381  10
118    1.000000   1.000000  1.000000  10
119    1.000000   0.800000  0.888889  10
120    0.833333   1.000000  0.909091  10
121    0.700000   0.700000  0.700000  10
122    0.857143   0.600000  0.705882  10
123    0.875000   0.700000  0.777778  10
124    1.000000   1.000000  1.000000  10
125    1.000000   0.900000  0.947368  10
126    1.000000   0.800000  0.888889  10
127    0.769231   1.000000  0.869565  10
128    0.833333   1.000000  0.909091  10
129    1.000000   0.800000  0.888889  10
130    0.888889   0.800000  0.842105  10
131    0.888889   0.800000  0.842105  10
132    1.000000   0.900000  0.947368  10
133    1.000000   0.900000  0.947368  10
134    1.000000   0.900000  0.947368  10
135    0.833333   1.000000  0.909091  10
136    0.875000   0.700000  0.777778  10
137    0.714286   1.000000  0.833333  10
138    0.900000   0.900000  0.900000  10
139    0.714286   0.500000  0.588235  10
140    0.800000   0.800000  0.800000  10
141    0.900000   0.900000  0.900000  10
142    1.000000   0.800000  0.888889  10
143    1.000000   0.600000  0.750000  10
144    0.769231   1.000000  0.869565  10
145    0.909091   1.000000  0.952381  10
146    1.000000   0.900000  0.947368  10
147    0.875000   0.700000  0.777778  10
148    0.818182   0.900000  0.857143  10
149    1.000000   1.000000  1.000000  10
150    0.692308   0.900000  0.782609  10
151    1.000000   1.000000  1.000000  10
152    0.800000   0.800000  0.800000  10
153    1.000000   1.000000  1.000000  10
154    0.800000   0.800000  0.800000  10
155    0.714286   0.500000  0.588235  10
156    0.666667   0.800000  0.727273  10
157    0.600000   0.300000  0.400000  10
158    0.642857   0.900000  0.750000  10
159    0.636364   0.700000  0.666667  10
160    0.533333   0.800000  0.640000  10
161    0.416667   0.500000  0.454545  10
162    0.833333   1.000000  0.909091  10
163    0.900000   0.900000  0.900000  10
164    0.692308   0.900000  0.782609  10
165    0.500000   0.600000  0.545455  10
166    0.750000   0.600000  0.666667  10
167    1.000000   0.800000  0.888889  10
168    0.727273   0.800000  0.761905  10
169    0.714286   1.000000  0.833333  10
170    1.000000   0.800000  0.888889  10
171    1.000000   0.900000  0.947368  10
172    0.800000   0.800000  0.800000  10
173    1.000000   0.700000  0.823529  10
174    0.727273   0.800000  0.761905  10
175    0.700000   0.700000  0.700000  10
176    0.714286   1.000000  0.833333  10
177    0.875000   0.700000  0.777778  10
178    1.000000   0.700000  0.823529  10
179    0.800000   0.800000  0.800000  10
180    0.750000   0.600000  0.666667  10
181    0.875000   0.700000  0.777778  10
182    1.000000   0.700000  0.823529  10
183    0.909091   1.000000  0.952381  10
184    1.000000   0.800000  0.888889  10
185    0.800000   0.400000  0.533333  10
186    0.909091   1.000000  0.952381  10
187    0.571429   0.800000  0.666667  10
188    0.800000   0.800000  0.800000  10
189    0.833333   1.000000  0.909091  10
190    0.888889   0.800000  0.842105  10
191    0.909091   1.000000  0.952381  10
192    1.000000   0.700000  0.823529  10
193    0.727273   0.800000  0.761905  10
194    0.777778   0.700000  0.736842  10
195    0.700000   0.700000  0.700000  10
196    1.000000   1.000000  1.000000  10
197    0.666667   0.600000  0.631579  10
198    0.777778   0.700000  0.736842  10
199    0.727273   0.800000  0.761905  10
200    1.000000   0.900000  0.947368  10
201    0.900000   0.900000  0.900000  10
202    0.777778   0.700000  0.736842  10
203    0.545455   0.600000  0.571429  10
204    0.909091   1.000000  0.952381  10
205    0.909091   1.000000  0.952381  10
206    0.875000   0.700000  0.777778  10
207    0.900000   0.900000  0.900000  10
208    0.888889   0.800000  0.842105  10
209    1.000000   0.800000  0.888889  10
210    0.818182   0.900000  0.857143  10
211    1.000000   0.900000  0.947368  10
212    0.875000   0.700000  0.777778  10
213    1.000000   0.700000  0.823529  10
214    0.818182   0.900000  0.857143  10
215    0.800000   0.800000  0.800000  10
216    0.800000   0.800000  0.800000  10
217    1.000000   0.800000  0.888889  10
218    0.818182   0.900000  0.857143  10
219    1.000000   0.800000  0.888889  10
220    0.666667   0.800000  0.727273  10
221    1.000000   0.800000  0.888889  10
222    0.909091   1.000000  0.952381  10
223    1.000000   1.000000  1.000000  10
224    0.777778   0.700000  0.736842  10
225    0.750000   0.900000  0.818182  10
226    0.818182   0.900000  0.857143  10
227    0.500000   0.800000  0.615385  10
228    0.555556   0.500000  0.526316  10
229    1.000000   0.900000  0.947368  10
230    0.692308   0.900000  0.782609  10
231    1.000000   0.800000  0.888889  10
232    0.666667   0.600000  0.631579  10
233    0.625000   0.500000  0.555556  10
234    0.875000   0.700000  0.777778  10
235    0.800000   0.800000  0.800000  10
236    1.000000   0.900000  0.947368  10
237    1.000000   0.900000  0.947368  10
238    0.909091   1.000000  0.952381  10
239    0.888889   0.800000  0.842105  10
240    0.800000   0.800000  0.800000  10
241    0.888889   0.800000  0.842105  10
242    0.900000   0.900000  0.900000  10
243    0.909091   1.000000  0.952381  10
244    0.727273   0.800000  0.761905  10
245    0.583333   0.700000  0.636364  10
246    0.600000   0.600000  0.600000  10
247    0.571429   0.400000  0.470588  10
248    0.875000   0.700000  0.777778  10
249    0.750000   0.900000  0.818182  10
250    0.692308   0.900000  0.782609  10
251    0.909091   1.000000  0.952381  10
252    1.000000   0.800000  0.888889  10
253    0.625000   0.500000  0.555556  10
254    1.000000   0.800000  0.888889  10
255    0.875000   0.700000  0.777778  10
256    0.307692   0.400000  0.347826  10
257    0.888889   0.800000  0.842105  10
258    0.727273   0.800000  0.761905  10
259    0.800000   0.800000  0.800000  10
260    0.818182   0.900000  0.857143  10
261    0.909091   1.000000  0.952381  10
262    0.727273   0.800000  0.761905  10
263    0.909091   1.000000  0.952381  10
264    1.000000   1.000000  1.000000  10
265    0.777778   0.700000  0.736842  10
266    0.857143   0.600000  0.705882  10
267    0.900000   0.900000  0.900000  10
268    0.727273   0.800000  0.761905  10
269    0.714286   1.000000  0.833333  10
270    1.000000   1.000000  1.000000  10
271    0.714286   0.500000  0.588235  10
272    1.000000   0.900000  0.947368  10
273    0.666667   0.800000  0.727273  10
274    0.875000   0.700000  0.777778  10
275    0.818182   0.900000  0.857143  10
276    0.714286   1.000000  0.833333  10
277    0.750000   0.900000  0.818182  10
278    0.750000   0.600000  0.666667  10
279    0.909091   1.000000  0.952381  10
280    0.818182   0.900000  0.857143  10
281    1.000000   0.900000  0.947368  10
282    0.900000   0.900000  0.900000  10
283    1.000000   1.000000  1.000000  10
284    0.818182   0.900000  0.857143  10
285    0.900000   0.900000  0.900000  10
286    0.900000   0.900000  0.900000  10
287    0.800000   0.800000  0.800000  10
288    0.900000   0.900000  0.900000  10
289    1.000000   0.700000  0.823529  10
290    0.900000   0.900000  0.900000  10
291    1.000000   1.000000  1.000000  10
292    1.000000   0.700000  0.823529  10
293    1.000000   0.900000  0.947368  10
294    0.900000   0.900000  0.900000  10
295    0.888889   0.800000  0.842105  10
296    0.692308   0.900000  0.782609  10
297    0.900000   0.900000  0.900000  10
298    0.769231   1.000000  0.869565  10
299    0.714286   1.000000  0.833333  10
300    0.818182   0.900000  0.857143  10
301    1.000000   1.000000  1.000000  10
302    0.909091   1.000000  0.952381  10
303    0.909091   1.000000  0.952381  10
304    0.909091   1.000000  0.952381  10
305    0.800000   0.800000  0.800000  10
306    1.000000   1.000000  1.000000  10
307    1.000000   1.000000  1.000000  10
308    0.818182   0.900000  0.857143  10
309    0.833333   1.000000  0.909091  10
310    1.000000   0.900000  0.947368  10
311    1.000000   0.900000  0.947368  10
312    1.000000   1.000000  1.000000  10
313    0.888889   0.800000  0.842105  10
314    1.000000   0.800000  0.888889  10
315    1.000000   0.800000  0.888889  10
316    0.900000   0.900000  0.900000  10
317    1.000000   1.000000  1.000000  10
318    0.818182   0.900000  0.857143  10
319    1.000000   0.900000  0.947368  10
320    1.000000   0.900000  0.947368  10
321    1.000000   0.900000  0.947368  10
322    0.461538   0.600000  0.521739  10
323    0.900000   0.900000  0.900000  10
324    0.909091   1.000000  0.952381  10
325    1.000000   0.900000  0.947368  10
326    1.000000   1.000000  1.000000  10
327    1.000000   1.000000  1.000000  10
328    0.833333   1.000000  0.909091  10
329    1.000000   1.000000  1.000000  10
330    0.909091   1.000000  0.952381  10
331    0.818182   0.900000  0.857143  10
332    0.750000   0.600000  0.666667  10
333    0.769231   1.000000  0.869565  10
334    0.777778   0.700000  0.736842  10
335    0.875000   0.700000  0.777778  10
336    0.727273   0.800000  0.761905  10
337    0.700000   0.700000  0.700000  10
338    0.800000   0.800000  0.800000  10
339    1.000000   0.800000  0.888889  10
340    0.909091   1.000000  0.952381  10
341    0.818182   0.900000  0.857143  10
342    1.000000   1.000000  1.000000  10
343    1.000000   0.900000  0.947368  10
344    1.000000   1.000000  1.000000  10
345    0.909091   1.000000  0.952381  10
346    0.875000   0.700000  0.777778  10
347    0.750000   0.900000  0.818182  10
348    0.900000   0.900000  0.900000  10
349    1.000000   0.800000  0.888889  10
350    1.000000   1.000000  1.000000  10
351    1.000000   0.900000  0.947368  10
352    0.900000   0.900000  0.900000  10
353    0.800000   0.800000  0.800000  10
354    0.875000   0.700000  0.777778  10
355    0.750000   0.900000  0.818182  10
356    0.909091   1.000000  0.952381  10
357    0.909091   1.000000  0.952381  10
358    0.909091   1.000000  0.952381  10
359    1.000000   0.900000  0.947368  10
360    0.909091   1.000000  0.952381  10
361    1.000000   0.900000  0.947368  10
362    1.000000   1.000000  1.000000  10
363    0.833333   1.000000  0.909091  10
364    1.000000   0.900000  0.947368  10
365    1.000000   0.900000  0.947368  10
366    0.900000   0.900000  0.900000  10
367    0.800000   0.800000  0.800000  10
368    0.692308   0.900000  0.782609  10
369    0.727273   0.800000  0.761905  10
370    0.833333   1.000000  0.909091  10
371    0.909091   1.000000  0.952381  10
372    1.000000   0.800000  0.888889  10
373    0.818182   0.900000  0.857143  10
374    0.875000   0.700000  0.777778  10
375    0.909091   1.000000  0.952381  10
376    0.909091   1.000000  0.952381  10
377    1.000000   0.900000  0.947368  10
378    1.000000   0.900000  0.947368  10
379    0.769231   1.000000  0.869565  10
380    1.000000   1.000000  1.000000  10
381    0.888889   0.800000  0.842105  10
382    0.900000   0.900000  0.900000  10
383    1.000000   0.900000  0.947368  10
384    1.000000   0.800000  0.888889  10
385    0.714286   1.000000  0.833333  10
386    0.769231   1.000000  0.869565  10
387    1.000000   0.900000  0.947368  10
388    0.833333   0.500000  0.625000  10
389    0.642857   0.900000  0.750000  10
390    0.875000   0.700000  0.777778  10
391    0.875000   0.700000  0.777778  10
392    1.000000   0.800000  0.888889  10
393    0.636364   0.700000  0.666667  10
394    0.833333   1.000000  0.909091  10
395    1.000000   1.000000  1.000000  10
396    0.909091   1.000000  0.952381  10
397    1.000000   1.000000  1.000000  10
398    0.909091   1.000000  0.952381  10
399    1.000000   0.800000  0.888889  10
400    0.900000   0.900000  0.900000  10
401    1.000000   1.000000  1.000000  10
402    0.909091   1.000000  0.952381  10
403    1.000000   0.900000  0.947368  10
404    1.000000   0.900000  0.947368  10
405    0.769231   1.000000  0.869565  10
406    0.909091   1.000000  0.952381  10
407    0.750000   0.900000  0.818182  10
408    0.636364   0.700000  0.666667  10
409    1.000000   0.900000  0.947368  10
410    0.600000   0.600000  0.600000  10
411    0.900000   0.900000  0.900000  10
412    0.833333   1.000000  0.909091  10
413    0.909091   1.000000  0.952381  10
414    0.615385   0.800000  0.695652  10
415    1.000000   0.700000  0.823529  10
416    0.909091   1.000000  0.952381  10
417    1.000000   0.900000  0.947368  10
418    1.000000   1.000000  1.000000  10
419    1.000000   1.000000  1.000000  10
420    0.909091   1.000000  0.952381  10
421    1.000000   0.900000  0.947368  10
422    1.000000   0.800000  0.888889  10
423    0.600000   0.900000  0.720000  10
424    0.909091   1.000000  0.952381  10
425    0.909091   1.000000  0.952381  10
426    1.000000   0.900000  0.947368  10
427    0.909091   1.000000  0.952381  10
428    0.800000   0.800000  0.800000  10
429    0.833333   0.500000  0.625000  10
430    1.000000   0.900000  0.947368  10
431    0.727273   0.800000  0.761905  10
432    1.000000   0.900000  0.947368  10
433    1.000000   0.900000  0.947368  10
434    1.000000   0.900000  0.947368  10
435    1.000000   0.800000  0.888889  10
436    1.000000   0.800000  0.888889  10
437    1.000000   0.800000  0.888889  10
438    1.000000   0.700000  0.823529  10
439    0.900000   0.900000  0.900000  10
440    1.000000   1.000000  1.000000  10
441    0.875000   0.700000  0.777778  10
442    0.454545   0.500000  0.476190  10
443    1.000000   1.000000  1.000000  10
444    0.833333   1.000000  0.909091  10
445    1.000000   0.900000  0.947368  10
446    1.000000   0.700000  0.823529  10
447    1.000000   0.900000  0.947368  10
448    1.000000   0.800000  0.888889  10
449    0.666667   1.000000  0.800000  10
450    0.900000   0.900000  0.900000  10
451    1.000000   0.900000  0.947368  10
452    1.000000   1.000000  1.000000  10
453    0.900000   0.900000  0.900000  10
454    1.000000   1.000000  1.000000  10
455    0.625000   0.500000  0.555556  10
456    0.583333   0.700000  0.636364  10
457    1.000000   1.000000  1.000000  10
458    0.900000   0.900000  0.900000  10
459    1.000000   1.000000  1.000000  10
460    0.909091   1.000000  0.952381  10
461    0.900000   0.900000  0.900000  10
462    1.000000   0.800000  0.888889  10
463    0.900000   0.900000  0.900000  10
464    1.000000   0.800000  0.888889  10
465    0.562500   0.900000  0.692308  10
466    0.600000   0.600000  0.600000  10
467    0.545455   0.600000  0.571429  10
468    0.800000   0.800000  0.800000  10
469    0.900000   0.900000  0.900000  10
470    0.800000   0.800000  0.800000  10
471    1.000000   1.000000  1.000000  10
472    0.545455   0.600000  0.571429  10
473    1.000000   0.800000  0.888889  10
474    1.000000   0.900000  0.947368  10
475    0.888889   0.800000  0.842105  10
476    0.833333   1.000000  0.909091  10
477    0.750000   0.900000  0.818182  10
478    0.888889   0.800000  0.842105  10
479    0.800000   0.800000  0.800000  10
480    0.700000   0.700000  0.700000  10
481    0.666667   0.800000  0.727273  10
482    1.000000   0.900000  0.947368  10
483    0.833333   1.000000  0.909091  10
484    0.909091   1.000000  0.952381  10
485    0.692308   0.900000  0.782609  10
486    1.000000   0.900000  0.947368  10
487    0.692308   0.900000  0.782609  10
488    0.818182   0.900000  0.857143  10
489    1.000000   0.900000  0.947368  10
490    0.727273   0.800000  0.761905  10
491    1.000000   0.900000  0.947368  10
492    0.769231   1.000000  0.869565  10
493    0.900000   0.900000  0.900000  10
494    0.615385   0.800000  0.695652  10
495    0.714286   0.500000  0.588235  10
496    0.545455   0.600000  0.571429  10
497    0.833333   0.500000  0.625000  10
498    0.714286   1.000000  0.833333  10
499    1.000000   0.900000  0.947368  10
