Robustness classification report
model: dino
degradation: gaussian_blur
severity: 2
num_samples: 5000
num_classes: 500
nll: 2.138993

Overall metrics
top1_accuracy: 0.686400 (68.64%)
top2_accuracy: 0.774400 (77.44%)
top3_accuracy: 0.807400 (80.74%)
top4_accuracy: 0.825800 (82.58%)
top5_accuracy: 0.840200 (84.02%)
macro_precision: 0.763892 (76.39%)
macro_recall: 0.686400 (68.64%)
macro_f1: 0.691441 (69.14%)

Per-class metrics
class  precision  recall  f1_score  support
000    0.888889   0.800000  0.842105  10
001    0.875000   0.700000  0.777778  10
002    0.888889   0.800000  0.842105  10
003    0.857143   0.600000  0.705882  10
004    0.777778   0.700000  0.736842  10
005    0.615385   0.800000  0.695652  10
006    0.714286   0.500000  0.588235  10
007    0.700000   0.700000  0.700000  10
008    0.400000   0.600000  0.480000  10
009    1.000000   0.800000  0.888889  10
010    0.750000   0.600000  0.666667  10
011    1.000000   0.800000  0.888889  10
012    1.000000   0.900000  0.947368  10
013    0.750000   0.900000  0.818182  10
014    0.642857   0.900000  0.750000  10
015    0.800000   0.800000  0.800000  10
016    0.888889   0.800000  0.842105  10
017    0.500000   1.000000  0.666667  10
018    0.625000   1.000000  0.769231  10
019    1.000000   0.900000  0.947368  10
020    1.000000   0.600000  0.750000  10
021    1.000000   0.800000  0.888889  10
022    0.750000   0.600000  0.666667  10
023    0.769231   1.000000  0.869565  10
024    0.625000   1.000000  0.769231  10
025    0.642857   0.900000  0.750000  10
026    0.500000   0.300000  0.375000  10
027    0.750000   0.300000  0.428571  10
028    0.444444   0.800000  0.571429  10
029    0.900000   0.900000  0.900000  10
030    0.833333   1.000000  0.909091  10
031    0.800000   0.800000  0.800000  10
032    1.000000   0.800000  0.888889  10
033    0.888889   0.800000  0.842105  10
034    0.562500   0.900000  0.692308  10
035    0.409091   0.900000  0.562500  10
036    0.400000   1.000000  0.571429  10
037    0.625000   1.000000  0.769231  10
038    0.571429   0.400000  0.470588  10
039    0.714286   0.500000  0.588235  10
040    0.533333   0.800000  0.640000  10
041    1.000000   1.000000  1.000000  10
042    0.875000   0.700000  0.777778  10
043    0.909091   1.000000  0.952381  10
044    0.714286   1.000000  0.833333  10
045    0.900000   0.900000  0.900000  10
046    0.800000   0.800000  0.800000  10
047    1.000000   0.900000  0.947368  10
048    1.000000   0.400000  0.571429  10
049    1.000000   0.600000  0.750000  10
050    0.818182   0.900000  0.857143  10
051    0.909091   1.000000  0.952381  10
052    1.000000   0.500000  0.666667  10
053    1.000000   0.600000  0.750000  10
054    0.727273   0.800000  0.761905  10
055    0.714286   0.500000  0.588235  10
056    1.000000   0.200000  0.333333  10
057    0.411765   0.700000  0.518519  10
058    1.000000   0.800000  0.888889  10
059    1.000000   0.600000  0.750000  10
060    1.000000   1.000000  1.000000  10
061    1.000000   0.900000  0.947368  10
062    1.000000   1.000000  1.000000  10
063    1.000000   0.900000  0.947368  10
064    1.000000   0.600000  0.750000  10
065    0.700000   0.700000  0.700000  10
066    0.777778   0.700000  0.736842  10
067    1.000000   0.400000  0.571429  10
068    0.833333   1.000000  0.909091  10
069    0.588235   1.000000  0.740741  10
070    0.769231   1.000000  0.869565  10
071    0.583333   0.700000  0.636364  10
072    1.000000   1.000000  1.000000  10
073    0.750000   0.600000  0.666667  10
074    1.000000   0.900000  0.947368  10
075    0.750000   0.900000  0.818182  10
076    0.875000   0.700000  0.777778  10
077    0.888889   0.800000  0.842105  10
078    0.571429   0.800000  0.666667  10
079    0.875000   0.700000  0.777778  10
080    1.000000   0.400000  0.571429  10
081    1.000000   0.700000  0.823529  10
082    0.642857   0.900000  0.750000  10
083    0.800000   0.800000  0.800000  10
084    0.750000   0.300000  0.428571  10
085    1.000000   1.000000  1.000000  10
086    0.900000   0.900000  0.900000  10
087    0.800000   0.800000  0.800000  10
088    0.473684   0.900000  0.620690  10
089    0.727273   0.800000  0.761905  10
090    0.666667   0.400000  0.500000  10
091    1.000000   1.000000  1.000000  10
092    1.000000   0.900000  0.947368  10
093    0.625000   1.000000  0.769231  10
094    0.700000   0.700000  0.700000  10
095    0.833333   1.000000  0.909091  10
096    0.833333   1.000000  0.909091  10
097    1.000000   0.800000  0.888889  10
098    0.666667   0.600000  0.631579  10
099    0.857143   0.600000  0.705882  10
100    0.700000   0.700000  0.700000  10
101    1.000000   1.000000  1.000000  10
102    1.000000   0.800000  0.888889  10
103    0.857143   0.600000  0.705882  10
104    1.000000   0.600000  0.750000  10
105    1.000000   0.600000  0.750000  10
106    0.700000   0.700000  0.700000  10
107    0.888889   0.800000  0.842105  10
108    1.000000   0.900000  0.947368  10
109    0.900000   0.900000  0.900000  10
110    1.000000   0.600000  0.750000  10
111    1.000000   0.700000  0.823529  10
112    0.900000   0.900000  0.900000  10
113    0.900000   0.900000  0.900000  10
114    0.642857   0.900000  0.750000  10
115    1.000000   0.900000  0.947368  10
116    1.000000   1.000000  1.000000  10
117    0.818182   0.900000  0.857143  10
118    0.750000   0.900000  0.818182  10
119    1.000000   0.500000  0.666667  10
120    0.642857   0.900000  0.750000  10
121    0.428571   0.300000  0.352941  10
122    0.833333   0.500000  0.625000  10
123    1.000000   0.400000  0.571429  10
124    0.909091   1.000000  0.952381  10
125    0.750000   0.900000  0.818182  10
126    1.000000   0.800000  0.888889  10
127    0.833333   0.500000  0.625000  10
128    0.700000   0.700000  0.700000  10
129    0.833333   0.500000  0.625000  10
130    0.714286   0.500000  0.588235  10
131    0.461538   0.600000  0.521739  10
132    1.000000   0.800000  0.888889  10
133    1.000000   0.500000  0.666667  10
134    1.000000   0.900000  0.947368  10
135    0.900000   0.900000  0.900000  10
136    1.000000   0.300000  0.461538  10
137    0.562500   0.900000  0.692308  10
138    0.538462   0.700000  0.608696  10
139    0.461538   0.600000  0.521739  10
140    0.833333   0.500000  0.625000  10
141    0.777778   0.700000  0.736842  10
142    1.000000   0.600000  0.750000  10
143    0.875000   0.700000  0.777778  10
144    0.727273   0.800000  0.761905  10
145    1.000000   0.800000  0.888889  10
146    0.888889   0.800000  0.842105  10
147    0.833333   0.500000  0.625000  10
148    0.888889   0.800000  0.842105  10
149    0.900000   0.900000  0.900000  10
150    0.454545   0.500000  0.476190  10
151    0.714286   1.000000  0.833333  10
152    0.750000   0.300000  0.428571  10
153    0.666667   0.600000  0.631579  10
154    0.545455   0.600000  0.571429  10
155    0.400000   0.200000  0.266667  10
156    0.636364   0.700000  0.666667  10
157    0.666667   0.200000  0.307692  10
158    0.571429   0.400000  0.470588  10
159    0.233333   0.700000  0.350000  10
160    0.800000   0.400000  0.533333  10
161    0.363636   0.400000  0.380952  10
162    0.700000   0.700000  0.700000  10
163    0.666667   1.000000  0.800000  10
164    0.700000   0.700000  0.700000  10
165    0.333333   0.500000  0.400000  10
166    0.750000   0.600000  0.666667  10
167    0.888889   0.800000  0.842105  10
168    0.800000   0.800000  0.800000  10
169    0.727273   0.800000  0.761905  10
170    0.400000   0.800000  0.533333  10
171    1.000000   0.700000  0.823529  10
172    0.777778   0.700000  0.736842  10
173    0.750000   0.600000  0.666667  10
174    1.000000   0.800000  0.888889  10
175    0.714286   0.500000  0.588235  10
176    1.000000   0.500000  0.666667  10
177    0.538462   0.700000  0.608696  10
178    0.750000   0.600000  0.666667  10
179    0.800000   0.400000  0.533333  10
180    1.000000   0.400000  0.571429  10
181    0.437500   0.700000  0.538462  10
182    1.000000   0.400000  0.571429  10
183    0.714286   1.000000  0.833333  10
184    1.000000   0.600000  0.750000  10
185    0.500000   0.700000  0.583333  10
186    0.615385   0.800000  0.695652  10
187    0.500000   0.600000  0.545455  10
188    0.571429   0.800000  0.666667  10
189    0.909091   1.000000  0.952381  10
190    1.000000   0.500000  0.666667  10
191    0.857143   0.600000  0.705882  10
192    1.000000   0.700000  0.823529  10
193    0.666667   0.800000  0.727273  10
194    0.250000   0.800000  0.380952  10
195    0.222222   0.800000  0.347826  10
196    1.000000   0.900000  0.947368  10
197    0.625000   0.500000  0.555556  10
198    0.833333   0.500000  0.625000  10
199    0.307692   0.400000  0.347826  10
200    0.888889   0.800000  0.842105  10
201    0.222222   0.600000  0.324324  10
202    0.545455   0.600000  0.571429  10
203    0.260870   0.600000  0.363636  10
204    0.588235   1.000000  0.740741  10
205    0.714286   1.000000  0.833333  10
206    0.800000   0.400000  0.533333  10
207    0.800000   0.800000  0.800000  10
208    0.666667   0.800000  0.727273  10
209    1.000000   0.400000  0.571429  10
210    0.888889   0.800000  0.842105  10
211    0.909091   1.000000  0.952381  10
212    0.600000   0.600000  0.600000  10
213    0.636364   0.700000  0.666667  10
214    0.888889   0.800000  0.842105  10
215    0.500000   0.800000  0.615385  10
216    0.347826   0.800000  0.484848  10
217    0.800000   0.400000  0.533333  10
218    0.600000   0.900000  0.720000  10
219    0.857143   0.600000  0.705882  10
220    0.375000   0.600000  0.461538  10
221    1.000000   0.700000  0.823529  10
222    0.473684   0.900000  0.620690  10
223    0.769231   1.000000  0.869565  10
224    0.555556   0.500000  0.526316  10
225    0.160714   0.900000  0.272727  10
226    0.818182   0.900000  0.857143  10
227    0.428571   0.300000  0.352941  10
228    0.416667   0.500000  0.454545  10
229    0.750000   0.900000  0.818182  10
230    0.583333   0.700000  0.636364  10
231    0.538462   0.700000  0.608696  10
232    0.833333   0.500000  0.625000  10
233    0.555556   0.500000  0.526316  10
234    1.000000   0.500000  0.666667  10
235    0.545455   0.600000  0.571429  10
236    0.600000   0.900000  0.720000  10
237    1.000000   0.700000  0.823529  10
238    1.000000   1.000000  1.000000  10
239    1.000000   0.600000  0.750000  10
240    0.666667   0.600000  0.631579  10
241    0.466667   0.700000  0.560000  10
242    0.857143   0.600000  0.705882  10
243    0.833333   1.000000  0.909091  10
244    0.666667   0.800000  0.727273  10
245    0.454545   0.500000  0.476190  10
246    0.230769   0.300000  0.260870  10
247    0.250000   0.100000  0.142857  10
248    1.000000   0.700000  0.823529  10
249    1.000000   0.600000  0.750000  10
250    0.700000   0.700000  0.700000  10
251    0.571429   0.800000  0.666667  10
252    0.857143   0.600000  0.705882  10
253    0.666667   0.200000  0.307692  10
254    0.555556   0.500000  0.526316  10
255    0.350000   0.700000  0.466667  10
256    0.357143   0.500000  0.416667  10
257    0.333333   0.400000  0.363636  10
258    1.000000   0.400000  0.571429  10
259    0.500000   0.200000  0.285714  10
260    0.666667   0.200000  0.307692  10
261    0.666667   0.600000  0.631579  10
262    0.500000   0.600000  0.545455  10
263    1.000000   0.800000  0.888889  10
264    0.833333   1.000000  0.909091  10
265    0.800000   0.400000  0.533333  10
266    0.600000   0.600000  0.600000  10
267    1.000000   0.600000  0.750000  10
268    0.727273   0.800000  0.761905  10
269    0.875000   0.700000  0.777778  10
270    1.000000   0.800000  0.888889  10
271    0.714286   0.500000  0.588235  10
272    0.800000   0.800000  0.800000  10
273    1.000000   0.500000  0.666667  10
274    0.857143   0.600000  0.705882  10
275    0.714286   0.500000  0.588235  10
276    0.666667   0.400000  0.500000  10
277    0.470588   0.800000  0.592593  10
278    0.250000   0.300000  0.272727  10
279    0.769231   1.000000  0.869565  10
280    0.666667   0.400000  0.500000  10
281    0.888889   0.800000  0.842105  10
282    0.625000   0.500000  0.555556  10
283    1.000000   0.500000  0.666667  10
284    0.875000   0.700000  0.777778  10
285    0.900000   0.900000  0.900000  10
286    0.625000   0.500000  0.555556  10
287    1.000000   0.300000  0.461538  10
288    0.818182   0.900000  0.857143  10
289    1.000000   0.500000  0.666667  10
290    0.857143   0.600000  0.705882  10
291    0.909091   1.000000  0.952381  10
292    0.857143   0.600000  0.705882  10
293    0.800000   0.800000  0.800000  10
294    0.714286   0.500000  0.588235  10
295    0.777778   0.700000  0.736842  10
296    0.555556   1.000000  0.714286  10
297    1.000000   0.700000  0.823529  10
298    0.818182   0.900000  0.857143  10
299    0.818182   0.900000  0.857143  10
300    0.888889   0.800000  0.842105  10
301    0.909091   1.000000  0.952381  10
302    0.769231   1.000000  0.869565  10
303    0.500000   0.800000  0.615385  10
304    0.857143   0.600000  0.705882  10
305    0.714286   0.500000  0.588235  10
306    0.333333   0.900000  0.486486  10
307    1.000000   0.900000  0.947368  10
308    0.857143   0.600000  0.705882  10
309    0.529412   0.900000  0.666667  10
310    1.000000   0.600000  0.750000  10
311    1.000000   0.600000  0.750000  10
312    1.000000   0.900000  0.947368  10
313    0.888889   0.800000  0.842105  10
314    0.875000   0.700000  0.777778  10
315    0.500000   0.700000  0.583333  10
316    0.714286   1.000000  0.833333  10
317    1.000000   0.600000  0.750000  10
318    0.857143   0.600000  0.705882  10
319    1.000000   0.800000  0.888889  10
320    0.900000   0.900000  0.900000  10
321    1.000000   0.700000  0.823529  10
322    0.222222   0.400000  0.285714  10
323    0.666667   0.200000  0.307692  10
324    0.833333   0.500000  0.625000  10
325    0.800000   0.800000  0.800000  10
326    1.000000   0.700000  0.823529  10
327    0.875000   0.700000  0.777778  10
328    1.000000   0.700000  0.823529  10
329    1.000000   1.000000  1.000000  10
330    0.571429   0.800000  0.666667  10
331    0.875000   0.700000  0.777778  10
332    1.000000   0.400000  0.571429  10
333    1.000000   0.300000  0.461538  10
334    1.000000   0.300000  0.461538  10
335    0.750000   0.300000  0.428571  10
336    1.000000   0.100000  0.181818  10
337    0.800000   0.400000  0.533333  10
338    0.228571   0.800000  0.355556  10
339    0.777778   0.700000  0.736842  10
340    0.800000   0.800000  0.800000  10
341    0.450000   0.900000  0.600000  10
342    0.818182   0.900000  0.857143  10
343    0.833333   0.500000  0.625000  10
344    0.818182   0.900000  0.857143  10
345    0.428571   0.900000  0.580645  10
346    0.714286   0.500000  0.588235  10
347    0.727273   0.800000  0.761905  10
348    0.888889   0.800000  0.842105  10
349    0.857143   0.600000  0.705882  10
350    0.833333   1.000000  0.909091  10
351    1.000000   0.500000  0.666667  10
352    1.000000   0.800000  0.888889  10
353    0.666667   0.200000  0.307692  10
354    0.600000   0.600000  0.600000  10
355    0.583333   0.700000  0.636364  10
356    1.000000   0.700000  0.823529  10
357    1.000000   0.400000  0.571429  10
358    1.000000   0.500000  0.666667  10
359    0.800000   0.400000  0.533333  10
360    0.800000   0.800000  0.800000  10
361    0.600000   0.900000  0.720000  10
362    0.900000   0.900000  0.900000  10
363    0.800000   0.800000  0.800000  10
364    1.000000   0.800000  0.888889  10
365    1.000000   0.900000  0.947368  10
366    0.818182   0.900000  0.857143  10
367    1.000000   0.500000  0.666667  10
368    0.533333   0.800000  0.640000  10
369    0.666667   0.800000  0.727273  10
370    1.000000   0.900000  0.947368  10
371    0.416667   1.000000  0.588235  10
372    1.000000   0.600000  0.750000  10
373    1.000000   0.800000  0.888889  10
374    0.714286   0.500000  0.588235  10
375    0.857143   0.600000  0.705882  10
376    0.857143   0.600000  0.705882  10
377    1.000000   0.500000  0.666667  10
378    0.888889   0.800000  0.842105  10
379    0.315789   0.600000  0.413793  10
380    1.000000   0.700000  0.823529  10
381    0.857143   0.600000  0.705882  10
382    0.777778   0.700000  0.736842  10
383    0.666667   0.600000  0.631579  10
384    0.533333   0.800000  0.640000  10
385    0.615385   0.800000  0.695652  10
386    0.357143   1.000000  0.526316  10
387    0.833333   0.500000  0.625000  10
388    0.500000   0.200000  0.285714  10
389    1.000000   0.400000  0.571429  10
390    1.000000   0.500000  0.666667  10
391    0.411765   0.700000  0.518519  10
392    0.750000   0.300000  0.428571  10
393    0.296296   0.800000  0.432432  10
394    0.714286   0.500000  0.588235  10
395    0.333333   0.900000  0.486486  10
396    0.800000   0.800000  0.800000  10
397    0.833333   1.000000  0.909091  10
398    0.625000   1.000000  0.769231  10
399    0.636364   0.700000  0.666667  10
400    0.833333   0.500000  0.625000  10
401    0.909091   1.000000  0.952381  10
402    0.625000   1.000000  0.769231  10
403    0.888889   0.800000  0.842105  10
404    1.000000   0.600000  0.750000  10
405    0.615385   0.800000  0.695652  10
406    0.833333   0.500000  0.625000  10
407    0.888889   0.800000  0.842105  10
408    0.833333   0.500000  0.625000  10
409    0.900000   0.900000  0.900000  10
410    0.095238   0.200000  0.129032  10
411    1.000000   0.700000  0.823529  10
412    0.473684   0.900000  0.620690  10
413    0.714286   1.000000  0.833333  10
414    0.272727   0.900000  0.418605  10
415    1.000000   0.400000  0.571429  10
416    0.666667   0.600000  0.631579  10
417    0.450000   0.900000  0.600000  10
418    0.833333   0.500000  0.625000  10
419    0.900000   0.900000  0.900000  10
420    0.875000   0.700000  0.777778  10
421    1.000000   0.300000  0.461538  10
422    1.000000   0.700000  0.823529  10
423    0.500000   0.400000  0.444444  10
424    1.000000   1.000000  1.000000  10
425    0.900000   0.900000  0.900000  10
426    1.000000   0.800000  0.888889  10
427    1.000000   0.900000  0.947368  10
428    0.470588   0.800000  0.592593  10
429    1.000000   0.700000  0.823529  10
430    0.750000   0.600000  0.666667  10
431    0.260870   0.600000  0.363636  10
432    0.636364   0.700000  0.666667  10
433    1.000000   0.800000  0.888889  10
434    1.000000   0.700000  0.823529  10
435    0.833333   0.500000  0.625000  10
436    1.000000   0.400000  0.571429  10
437    0.583333   0.700000  0.636364  10
438    0.833333   0.500000  0.625000  10
439    1.000000   0.500000  0.666667  10
440    0.769231   1.000000  0.869565  10
441    0.857143   0.600000  0.705882  10
442    0.444444   0.400000  0.421053  10
443    1.000000   1.000000  1.000000  10
444    0.333333   0.700000  0.451613  10
445    1.000000   0.900000  0.947368  10
446    1.000000   0.300000  0.461538  10
447    0.818182   0.900000  0.857143  10
448    0.285714   0.800000  0.421053  10
449    0.350000   0.700000  0.466667  10
450    0.900000   0.900000  0.900000  10
451    0.400000   0.800000  0.533333  10
452    1.000000   0.800000  0.888889  10
453    0.857143   0.600000  0.705882  10
454    1.000000   0.800000  0.888889  10
455    0.750000   0.300000  0.428571  10
456    0.571429   0.800000  0.666667  10
457    0.900000   0.900000  0.900000  10
458    0.833333   0.500000  0.625000  10
459    0.750000   0.900000  0.818182  10
460    1.000000   0.700000  0.823529  10
461    1.000000   0.800000  0.888889  10
462    0.888889   0.800000  0.842105  10
463    0.466667   0.700000  0.560000  10
464    1.000000   0.900000  0.947368  10
465    0.555556   0.500000  0.526316  10
466    0.400000   0.200000  0.266667  10
467    0.500000   0.100000  0.166667  10
468    0.666667   0.600000  0.631579  10
469    0.666667   0.800000  0.727273  10
470    0.833333   0.500000  0.625000  10
471    1.000000   0.300000  0.461538  10
472    0.400000   0.200000  0.266667  10
473    1.000000   0.500000  0.666667  10
474    1.000000   0.500000  0.666667  10
475    0.400000   0.200000  0.266667  10
476    0.571429   0.400000  0.470588  10
477    0.750000   0.600000  0.666667  10
478    0.666667   0.800000  0.727273  10
479    0.666667   0.400000  0.500000  10
480    0.571429   0.400000  0.470588  10
481    0.666667   0.600000  0.631579  10
482    0.818182   0.900000  0.857143  10
483    0.888889   0.800000  0.842105  10
484    0.750000   0.600000  0.666667  10
485    0.818182   0.900000  0.857143  10
486    1.000000   0.500000  0.666667  10
487    0.888889   0.800000  0.842105  10
488    0.750000   0.300000  0.428571  10
489    1.000000   0.800000  0.888889  10
490    0.333333   0.100000  0.153846  10
491    1.000000   0.500000  0.666667  10
492    1.000000   0.500000  0.666667  10
493    1.000000   0.400000  0.571429  10
494    1.000000   0.400000  0.571429  10
495    0.307692   0.400000  0.347826  10
496    0.437500   0.700000  0.538462  10
497    0.666667   0.200000  0.307692  10
498    1.000000   0.800000  0.888889  10
499    0.875000   0.700000  0.777778  10
