Robustness classification report
model: dino
degradation: motion_blur
severity: 2
num_samples: 5000
num_classes: 500
nll: 1.257410

Overall metrics
top1_accuracy: 0.839000 (83.90%)
top2_accuracy: 0.892000 (89.20%)
top3_accuracy: 0.912400 (91.24%)
top4_accuracy: 0.923600 (92.36%)
top5_accuracy: 0.932200 (93.22%)
macro_precision: 0.857394 (85.74%)
macro_recall: 0.839000 (83.90%)
macro_f1: 0.839096 (83.91%)

Per-class metrics
class  precision  recall  f1_score  support
000    1.000000   1.000000  1.000000  10
001    0.900000   0.900000  0.900000  10
002    0.888889   0.800000  0.842105  10
003    0.888889   0.800000  0.842105  10
004    0.818182   0.900000  0.857143  10
005    0.642857   0.900000  0.750000  10
006    0.875000   0.700000  0.777778  10
007    1.000000   1.000000  1.000000  10
008    0.857143   0.600000  0.705882  10
009    0.909091   1.000000  0.952381  10
010    0.833333   1.000000  0.909091  10
011    1.000000   0.900000  0.947368  10
012    1.000000   1.000000  1.000000  10
013    1.000000   1.000000  1.000000  10
014    0.900000   0.900000  0.900000  10
015    1.000000   0.900000  0.947368  10
016    1.000000   0.900000  0.947368  10
017    0.900000   0.900000  0.900000  10
018    0.714286   1.000000  0.833333  10
019    1.000000   0.800000  0.888889  10
020    1.000000   0.700000  0.823529  10
021    0.818182   0.900000  0.857143  10
022    0.800000   0.800000  0.800000  10
023    0.909091   1.000000  0.952381  10
024    0.833333   1.000000  0.909091  10
025    0.818182   0.900000  0.857143  10
026    0.888889   0.800000  0.842105  10
027    0.875000   0.700000  0.777778  10
028    0.800000   0.800000  0.800000  10
029    1.000000   1.000000  1.000000  10
030    0.833333   1.000000  0.909091  10
031    0.875000   0.700000  0.777778  10
032    0.888889   0.800000  0.842105  10
033    0.888889   0.800000  0.842105  10
034    0.833333   1.000000  0.909091  10
035    0.769231   1.000000  0.869565  10
036    0.625000   1.000000  0.769231  10
037    1.000000   1.000000  1.000000  10
038    0.888889   0.800000  0.842105  10
039    0.727273   0.800000  0.761905  10
040    0.750000   0.900000  0.818182  10
041    1.000000   1.000000  1.000000  10
042    0.800000   0.800000  0.800000  10
043    1.000000   0.900000  0.947368  10
044    0.692308   0.900000  0.782609  10
045    1.000000   1.000000  1.000000  10
046    0.909091   1.000000  0.952381  10
047    1.000000   0.800000  0.888889  10
048    1.000000   0.800000  0.888889  10
049    1.000000   0.600000  0.750000  10
050    0.909091   1.000000  0.952381  10
051    0.909091   1.000000  0.952381  10
052    0.857143   0.600000  0.705882  10
053    0.875000   0.700000  0.777778  10
054    0.750000   0.900000  0.818182  10
055    0.875000   0.700000  0.777778  10
056    1.000000   0.600000  0.750000  10
057    0.900000   0.900000  0.900000  10
058    1.000000   1.000000  1.000000  10
059    1.000000   0.900000  0.947368  10
060    1.000000   1.000000  1.000000  10
061    1.000000   1.000000  1.000000  10
062    1.000000   1.000000  1.000000  10
063    0.909091   1.000000  0.952381  10
064    1.000000   0.600000  0.750000  10
065    0.800000   0.800000  0.800000  10
066    0.727273   0.800000  0.761905  10
067    1.000000   0.700000  0.823529  10
068    0.909091   1.000000  0.952381  10
069    0.562500   0.900000  0.692308  10
070    0.909091   1.000000  0.952381  10
071    0.750000   0.900000  0.818182  10
072    1.000000   1.000000  1.000000  10
073    0.833333   1.000000  0.909091  10
074    0.909091   1.000000  0.952381  10
075    1.000000   0.900000  0.947368  10
076    0.875000   0.700000  0.777778  10
077    0.818182   0.900000  0.857143  10
078    0.800000   0.800000  0.800000  10
079    1.000000   0.900000  0.947368  10
080    0.888889   0.800000  0.842105  10
081    0.875000   0.700000  0.777778  10
082    0.833333   1.000000  0.909091  10
083    0.833333   1.000000  0.909091  10
084    1.000000   0.400000  0.571429  10
085    1.000000   1.000000  1.000000  10
086    1.000000   0.900000  0.947368  10
087    1.000000   0.900000  0.947368  10
088    0.409091   0.900000  0.562500  10
089    0.833333   1.000000  0.909091  10
090    1.000000   0.700000  0.823529  10
091    1.000000   1.000000  1.000000  10
092    1.000000   0.900000  0.947368  10
093    0.833333   1.000000  0.909091  10
094    0.636364   0.700000  0.666667  10
095    1.000000   1.000000  1.000000  10
096    1.000000   1.000000  1.000000  10
097    1.000000   0.900000  0.947368  10
098    0.750000   0.600000  0.666667  10
099    0.888889   0.800000  0.842105  10
100    1.000000   1.000000  1.000000  10
101    1.000000   1.000000  1.000000  10
102    0.900000   0.900000  0.900000  10
103    1.000000   0.700000  0.823529  10
104    1.000000   0.800000  0.888889  10
105    1.000000   0.700000  0.823529  10
106    0.888889   0.800000  0.842105  10
107    0.833333   1.000000  0.909091  10
108    0.900000   0.900000  0.900000  10
109    1.000000   0.900000  0.947368  10
110    0.636364   0.700000  0.666667  10
111    1.000000   0.800000  0.888889  10
112    1.000000   0.900000  0.947368  10
113    0.909091   1.000000  0.952381  10
114    0.818182   0.900000  0.857143  10
115    0.900000   0.900000  0.900000  10
116    1.000000   1.000000  1.000000  10
117    0.909091   1.000000  0.952381  10
118    1.000000   1.000000  1.000000  10
119    1.000000   0.700000  0.823529  10
120    0.833333   1.000000  0.909091  10
121    0.700000   0.700000  0.700000  10
122    1.000000   0.600000  0.750000  10
123    0.777778   0.700000  0.736842  10
124    1.000000   1.000000  1.000000  10
125    0.900000   0.900000  0.900000  10
126    1.000000   0.800000  0.888889  10
127    0.857143   0.600000  0.705882  10
128    0.900000   0.900000  0.900000  10
129    0.888889   0.800000  0.842105  10
130    0.875000   0.700000  0.777778  10
131    0.538462   0.700000  0.608696  10
132    1.000000   1.000000  1.000000  10
133    0.888889   0.800000  0.842105  10
134    1.000000   0.900000  0.947368  10
135    0.666667   1.000000  0.800000  10
136    0.857143   0.600000  0.705882  10
137    0.588235   1.000000  0.740741  10
138    0.750000   0.600000  0.666667  10
139    0.700000   0.700000  0.700000  10
140    0.800000   0.800000  0.800000  10
141    0.900000   0.900000  0.900000  10
142    1.000000   0.700000  0.823529  10
143    1.000000   0.700000  0.823529  10
144    0.769231   1.000000  0.869565  10
145    1.000000   0.900000  0.947368  10
146    0.888889   0.800000  0.842105  10
147    1.000000   0.900000  0.947368  10
148    0.800000   0.800000  0.800000  10
149    0.909091   1.000000  0.952381  10
150    0.666667   0.600000  0.631579  10
151    0.769231   1.000000  0.869565  10
152    0.857143   0.600000  0.705882  10
153    0.900000   0.900000  0.900000  10
154    0.636364   0.700000  0.666667  10
155    0.833333   0.500000  0.625000  10
156    0.800000   0.800000  0.800000  10
157    0.500000   0.300000  0.375000  10
158    0.571429   0.800000  0.666667  10
159    0.533333   0.800000  0.640000  10
160    0.700000   0.700000  0.700000  10
161    0.461538   0.600000  0.521739  10
162    0.692308   0.900000  0.782609  10
163    0.900000   0.900000  0.900000  10
164    0.727273   0.800000  0.761905  10
165    0.533333   0.800000  0.640000  10
166    0.875000   0.700000  0.777778  10
167    0.888889   0.800000  0.842105  10
168    0.727273   0.800000  0.761905  10
169    0.750000   0.900000  0.818182  10
170    0.818182   0.900000  0.857143  10
171    0.800000   0.800000  0.800000  10
172    0.818182   0.900000  0.857143  10
173    1.000000   0.600000  0.750000  10
174    0.666667   0.800000  0.727273  10
175    0.666667   0.600000  0.631579  10
176    1.000000   0.900000  0.947368  10
177    0.800000   0.800000  0.800000  10
178    0.700000   0.700000  0.700000  10
179    1.000000   0.600000  0.750000  10
180    0.857143   0.600000  0.705882  10
181    0.800000   0.800000  0.800000  10
182    0.777778   0.700000  0.736842  10
183    0.909091   1.000000  0.952381  10
184    0.888889   0.800000  0.842105  10
185    0.900000   0.900000  0.900000  10
186    0.900000   0.900000  0.900000  10
187    0.636364   0.700000  0.666667  10
188    0.666667   0.800000  0.727273  10
189    1.000000   1.000000  1.000000  10
190    0.875000   0.700000  0.777778  10
191    0.833333   1.000000  0.909091  10
192    0.888889   0.800000  0.842105  10
193    0.888889   0.800000  0.842105  10
194    0.692308   0.900000  0.782609  10
195    0.571429   0.800000  0.666667  10
196    0.909091   1.000000  0.952381  10
197    0.583333   0.700000  0.636364  10
198    0.833333   0.500000  0.625000  10
199    0.700000   0.700000  0.700000  10
200    0.888889   0.800000  0.842105  10
201    0.727273   0.800000  0.761905  10
202    0.461538   0.600000  0.521739  10
203    0.428571   0.600000  0.500000  10
204    0.833333   1.000000  0.909091  10
205    0.909091   1.000000  0.952381  10
206    0.800000   0.400000  0.533333  10
207    0.818182   0.900000  0.857143  10
208    0.900000   0.900000  0.900000  10
209    1.000000   0.700000  0.823529  10
210    1.000000   0.800000  0.888889  10
211    1.000000   0.900000  0.947368  10
212    0.700000   0.700000  0.700000  10
213    1.000000   0.800000  0.888889  10
214    0.800000   0.800000  0.800000  10
215    0.666667   0.800000  0.727273  10
216    0.888889   0.800000  0.842105  10
217    1.000000   0.800000  0.888889  10
218    0.900000   0.900000  0.900000  10
219    1.000000   0.800000  0.888889  10
220    0.583333   0.700000  0.636364  10
221    1.000000   0.800000  0.888889  10
222    0.714286   1.000000  0.833333  10
223    0.833333   1.000000  0.909091  10
224    0.700000   0.700000  0.700000  10
225    0.833333   1.000000  0.909091  10
226    0.692308   0.900000  0.782609  10
227    0.538462   0.700000  0.608696  10
228    0.750000   0.600000  0.666667  10
229    0.909091   1.000000  0.952381  10
230    0.750000   0.900000  0.818182  10
231    0.636364   0.700000  0.666667  10
232    0.857143   0.600000  0.705882  10
233    0.777778   0.700000  0.736842  10
234    0.888889   0.800000  0.842105  10
235    0.750000   0.900000  0.818182  10
236    0.900000   0.900000  0.900000  10
237    1.000000   0.900000  0.947368  10
238    0.909091   1.000000  0.952381  10
239    1.000000   0.700000  0.823529  10
240    0.888889   0.800000  0.842105  10
241    1.000000   0.700000  0.823529  10
242    1.000000   0.800000  0.888889  10
243    1.000000   1.000000  1.000000  10
244    0.818182   0.900000  0.857143  10
245    0.538462   0.700000  0.608696  10
246    0.444444   0.400000  0.421053  10
247    0.375000   0.300000  0.333333  10
248    0.888889   0.800000  0.842105  10
249    0.875000   0.700000  0.777778  10
250    0.888889   0.800000  0.842105  10
251    0.909091   1.000000  0.952381  10
252    1.000000   0.700000  0.823529  10
253    1.000000   0.300000  0.461538  10
254    0.818182   0.900000  0.857143  10
255    0.800000   0.800000  0.800000  10
256    0.500000   0.500000  0.500000  10
257    0.500000   0.800000  0.615385  10
258    0.750000   0.600000  0.666667  10
259    0.583333   0.700000  0.636364  10
260    0.818182   0.900000  0.857143  10
261    1.000000   1.000000  1.000000  10
262    0.750000   0.900000  0.818182  10
263    0.900000   0.900000  0.900000  10
264    1.000000   1.000000  1.000000  10
265    1.000000   0.800000  0.888889  10
266    0.727273   0.800000  0.761905  10
267    0.900000   0.900000  0.900000  10
268    0.909091   1.000000  0.952381  10
269    0.833333   1.000000  0.909091  10
270    1.000000   0.800000  0.888889  10
271    1.000000   0.800000  0.888889  10
272    1.000000   0.900000  0.947368  10
273    0.888889   0.800000  0.842105  10
274    0.888889   0.800000  0.842105  10
275    0.875000   0.700000  0.777778  10
276    0.625000   0.500000  0.555556  10
277    0.769231   1.000000  0.869565  10
278    0.545455   0.600000  0.571429  10
279    0.909091   1.000000  0.952381  10
280    1.000000   0.800000  0.888889  10
281    1.000000   0.900000  0.947368  10
282    1.000000   0.700000  0.823529  10
283    1.000000   0.900000  0.947368  10
284    0.818182   0.900000  0.857143  10
285    1.000000   0.900000  0.947368  10
286    0.727273   0.800000  0.761905  10
287    1.000000   0.700000  0.823529  10
288    0.750000   0.900000  0.818182  10
289    1.000000   0.700000  0.823529  10
290    0.818182   0.900000  0.857143  10
291    1.000000   1.000000  1.000000  10
292    0.909091   1.000000  0.952381  10
293    0.900000   0.900000  0.900000  10
294    1.000000   0.800000  0.888889  10
295    0.900000   0.900000  0.900000  10
296    0.833333   1.000000  0.909091  10
297    1.000000   0.900000  0.947368  10
298    1.000000   0.900000  0.947368  10
299    0.625000   1.000000  0.769231  10
300    1.000000   0.800000  0.888889  10
301    0.909091   1.000000  0.952381  10
302    0.833333   1.000000  0.909091  10
303    0.473684   0.900000  0.620690  10
304    1.000000   0.900000  0.947368  10
305    0.800000   0.800000  0.800000  10
306    0.769231   1.000000  0.869565  10
307    1.000000   1.000000  1.000000  10
308    0.750000   0.900000  0.818182  10
309    0.818182   0.900000  0.857143  10
310    1.000000   0.800000  0.888889  10
311    1.000000   0.800000  0.888889  10
312    1.000000   0.900000  0.947368  10
313    0.888889   0.800000  0.842105  10
314    0.888889   0.800000  0.842105  10
315    0.727273   0.800000  0.761905  10
316    0.833333   1.000000  0.909091  10
317    1.000000   1.000000  1.000000  10
318    0.818182   0.900000  0.857143  10
319    1.000000   0.900000  0.947368  10
320    0.909091   1.000000  0.952381  10
321    1.000000   1.000000  1.000000  10
322    0.545455   0.600000  0.571429  10
323    0.900000   0.900000  0.900000  10
324    0.909091   1.000000  0.952381  10
325    0.769231   1.000000  0.869565  10
326    0.833333   1.000000  0.909091  10
327    0.900000   0.900000  0.900000  10
328    0.909091   1.000000  0.952381  10
329    1.000000   1.000000  1.000000  10
330    0.750000   0.900000  0.818182  10
331    0.888889   0.800000  0.842105  10
332    0.727273   0.800000  0.761905  10
333    0.727273   0.800000  0.761905  10
334    0.857143   0.600000  0.705882  10
335    0.833333   0.500000  0.625000  10
336    1.000000   0.500000  0.666667  10
337    0.625000   0.500000  0.555556  10
338    0.500000   0.900000  0.642857  10
339    1.000000   0.700000  0.823529  10
340    0.769231   1.000000  0.869565  10
341    0.818182   0.900000  0.857143  10
342    0.909091   1.000000  0.952381  10
343    1.000000   0.800000  0.888889  10
344    1.000000   1.000000  1.000000  10
345    0.833333   1.000000  0.909091  10
346    0.857143   0.600000  0.705882  10
347    0.800000   0.800000  0.800000  10
348    1.000000   0.900000  0.947368  10
349    1.000000   0.700000  0.823529  10
350    1.000000   1.000000  1.000000  10
351    1.000000   0.800000  0.888889  10
352    1.000000   0.900000  0.947368  10
353    0.636364   0.700000  0.666667  10
354    1.000000   0.700000  0.823529  10
355    0.818182   0.900000  0.857143  10
356    0.888889   0.800000  0.842105  10
357    0.909091   1.000000  0.952381  10
358    1.000000   1.000000  1.000000  10
359    0.818182   0.900000  0.857143  10
360    0.769231   1.000000  0.869565  10
361    1.000000   1.000000  1.000000  10
362    1.000000   0.900000  0.947368  10
363    0.833333   1.000000  0.909091  10
364    1.000000   0.900000  0.947368  10
365    1.000000   0.900000  0.947368  10
366    0.818182   0.900000  0.857143  10
367    0.857143   0.600000  0.705882  10
368    0.818182   0.900000  0.857143  10
369    0.600000   0.900000  0.720000  10
370    0.818182   0.900000  0.857143  10
371    0.833333   1.000000  0.909091  10
372    1.000000   0.800000  0.888889  10
373    0.875000   0.700000  0.777778  10
374    0.857143   0.600000  0.705882  10
375    0.750000   0.900000  0.818182  10
376    1.000000   0.900000  0.947368  10
377    1.000000   0.900000  0.947368  10
378    1.000000   0.900000  0.947368  10
379    0.615385   0.800000  0.695652  10
380    0.909091   1.000000  0.952381  10
381    0.777778   0.700000  0.736842  10
382    1.000000   0.900000  0.947368  10
383    1.000000   0.900000  0.947368  10
384    1.000000   0.900000  0.947368  10
385    0.750000   0.900000  0.818182  10
386    0.833333   1.000000  0.909091  10
387    0.750000   0.600000  0.666667  10
388    0.444444   0.400000  0.421053  10
389    0.818182   0.900000  0.857143  10
390    1.000000   0.800000  0.888889  10
391    1.000000   0.900000  0.947368  10
392    1.000000   0.700000  0.823529  10
393    0.615385   0.800000  0.695652  10
394    0.818182   0.900000  0.857143  10
395    1.000000   0.900000  0.947368  10
396    0.769231   1.000000  0.869565  10
397    1.000000   1.000000  1.000000  10
398    0.833333   1.000000  0.909091  10
399    0.571429   0.800000  0.666667  10
400    1.000000   0.900000  0.947368  10
401    1.000000   1.000000  1.000000  10
402    0.909091   1.000000  0.952381  10
403    1.000000   0.800000  0.888889  10
404    0.818182   0.900000  0.857143  10
405    0.714286   1.000000  0.833333  10
406    0.833333   1.000000  0.909091  10
407    1.000000   1.000000  1.000000  10
408    0.857143   0.600000  0.705882  10
409    1.000000   0.900000  0.947368  10
410    0.545455   0.600000  0.571429  10
411    0.888889   0.800000  0.842105  10
412    1.000000   1.000000  1.000000  10
413    0.909091   1.000000  0.952381  10
414    0.714286   1.000000  0.833333  10
415    1.000000   0.600000  0.750000  10
416    1.000000   1.000000  1.000000  10
417    1.000000   0.900000  0.947368  10
418    1.000000   1.000000  1.000000  10
419    0.909091   1.000000  0.952381  10
420    0.833333   1.000000  0.909091  10
421    1.000000   0.900000  0.947368  10
422    1.000000   0.900000  0.947368  10
423    0.818182   0.900000  0.857143  10
424    1.000000   1.000000  1.000000  10
425    1.000000   1.000000  1.000000  10
426    1.000000   0.800000  0.888889  10
427    1.000000   1.000000  1.000000  10
428    0.636364   0.700000  0.666667  10
429    0.857143   0.600000  0.705882  10
430    1.000000   0.900000  0.947368  10
431    0.571429   0.800000  0.666667  10
432    1.000000   0.900000  0.947368  10
433    1.000000   0.900000  0.947368  10
434    1.000000   0.900000  0.947368  10
435    1.000000   0.800000  0.888889  10
436    1.000000   0.800000  0.888889  10
437    0.750000   0.900000  0.818182  10
438    0.875000   0.700000  0.777778  10
439    1.000000   0.800000  0.888889  10
440    0.909091   1.000000  0.952381  10
441    0.875000   0.700000  0.777778  10
442    0.333333   0.500000  0.400000  10
443    1.000000   1.000000  1.000000  10
444    0.714286   1.000000  0.833333  10
445    1.000000   0.900000  0.947368  10
446    1.000000   0.500000  0.666667  10
447    1.000000   0.900000  0.947368  10
448    1.000000   0.800000  0.888889  10
449    0.562500   0.900000  0.692308  10
450    0.909091   1.000000  0.952381  10
451    0.909091   1.000000  0.952381  10
452    1.000000   1.000000  1.000000  10
453    0.727273   0.800000  0.761905  10
454    1.000000   0.900000  0.947368  10
455    0.750000   0.300000  0.428571  10
456    0.571429   0.800000  0.666667  10
457    1.000000   1.000000  1.000000  10
458    0.888889   0.800000  0.842105  10
459    0.909091   1.000000  0.952381  10
460    0.909091   1.000000  0.952381  10
461    0.888889   0.800000  0.842105  10
462    0.888889   0.800000  0.842105  10
463    0.909091   1.000000  0.952381  10
464    0.900000   0.900000  0.900000  10
465    0.888889   0.800000  0.842105  10
466    0.444444   0.400000  0.421053  10
467    0.500000   0.500000  0.500000  10
468    1.000000   1.000000  1.000000  10
469    0.818182   0.900000  0.857143  10
470    0.900000   0.900000  0.900000  10
471    0.909091   1.000000  0.952381  10
472    0.500000   0.500000  0.500000  10
473    1.000000   0.800000  0.888889  10
474    1.000000   0.800000  0.888889  10
475    0.692308   0.900000  0.782609  10
476    0.769231   1.000000  0.869565  10
477    0.818182   0.900000  0.857143  10
478    0.777778   0.700000  0.736842  10
479    0.875000   0.700000  0.777778  10
480    0.583333   0.700000  0.636364  10
481    0.727273   0.800000  0.761905  10
482    0.818182   0.900000  0.857143  10
483    0.769231   1.000000  0.869565  10
484    0.909091   1.000000  0.952381  10
485    0.818182   0.900000  0.857143  10
486    1.000000   0.900000  0.947368  10
487    0.888889   0.800000  0.842105  10
488    0.875000   0.700000  0.777778  10
489    0.900000   0.900000  0.900000  10
490    0.583333   0.700000  0.636364  10
491    1.000000   0.800000  0.888889  10
492    0.888889   0.800000  0.842105  10
493    0.777778   0.700000  0.736842  10
494    0.571429   0.800000  0.666667  10
495    0.666667   0.600000  0.631579  10
496    0.600000   0.600000  0.600000  10
497    0.800000   0.400000  0.533333  10
498    1.000000   1.000000  1.000000  10
499    1.000000   0.800000  0.888889  10
