Robustness classification report
model: dino
degradation: motion_blur
severity: 3
num_samples: 5000
num_classes: 500
nll: 1.892403

Overall metrics
top1_accuracy: 0.738200 (73.82%)
top2_accuracy: 0.808600 (80.86%)
top3_accuracy: 0.838400 (83.84%)
top4_accuracy: 0.855200 (85.52%)
top5_accuracy: 0.865800 (86.58%)
macro_precision: 0.791858 (79.19%)
macro_recall: 0.738200 (73.82%)
macro_f1: 0.742677 (74.27%)

Per-class metrics
class  precision  recall  f1_score  support
000    1.000000   0.600000  0.750000  10
001    0.818182   0.900000  0.857143  10
002    1.000000   0.800000  0.888889  10
003    1.000000   0.600000  0.750000  10
004    0.636364   0.700000  0.666667  10
005    0.588235   1.000000  0.740741  10
006    1.000000   0.600000  0.750000  10
007    1.000000   0.600000  0.750000  10
008    0.666667   0.600000  0.631579  10
009    0.888889   0.800000  0.842105  10
010    0.666667   0.800000  0.727273  10
011    0.888889   0.800000  0.842105  10
012    1.000000   0.900000  0.947368  10
013    0.909091   1.000000  0.952381  10
014    0.600000   0.900000  0.720000  10
015    1.000000   0.800000  0.888889  10
016    1.000000   0.900000  0.947368  10
017    0.900000   0.900000  0.900000  10
018    0.714286   1.000000  0.833333  10
019    1.000000   0.800000  0.888889  10
020    1.000000   0.600000  0.750000  10
021    1.000000   0.900000  0.947368  10
022    0.750000   0.600000  0.666667  10
023    0.833333   1.000000  0.909091  10
024    0.833333   1.000000  0.909091  10
025    0.750000   0.900000  0.818182  10
026    0.600000   0.600000  0.600000  10
027    0.833333   0.500000  0.625000  10
028    0.533333   0.800000  0.640000  10
029    0.900000   0.900000  0.900000  10
030    0.833333   1.000000  0.909091  10
031    0.700000   0.700000  0.700000  10
032    1.000000   0.700000  0.823529  10
033    0.777778   0.700000  0.736842  10
034    0.750000   0.900000  0.818182  10
035    0.529412   0.900000  0.666667  10
036    0.416667   1.000000  0.588235  10
037    0.833333   1.000000  0.909091  10
038    0.750000   0.300000  0.428571  10
039    0.625000   0.500000  0.555556  10
040    0.473684   0.900000  0.620690  10
041    0.833333   1.000000  0.909091  10
042    0.800000   0.800000  0.800000  10
043    0.900000   0.900000  0.900000  10
044    0.692308   0.900000  0.782609  10
045    1.000000   1.000000  1.000000  10
046    1.000000   0.800000  0.888889  10
047    1.000000   0.800000  0.888889  10
048    0.888889   0.800000  0.842105  10
049    0.857143   0.600000  0.705882  10
050    0.714286   1.000000  0.833333  10
051    0.833333   1.000000  0.909091  10
052    0.750000   0.600000  0.666667  10
053    1.000000   0.500000  0.666667  10
054    1.000000   0.800000  0.888889  10
055    0.750000   0.600000  0.666667  10
056    1.000000   0.400000  0.571429  10
057    0.666667   0.800000  0.727273  10
058    1.000000   0.900000  0.947368  10
059    0.875000   0.700000  0.777778  10
060    1.000000   0.900000  0.947368  10
061    0.909091   1.000000  0.952381  10
062    1.000000   1.000000  1.000000  10
063    0.666667   1.000000  0.800000  10
064    1.000000   0.500000  0.666667  10
065    0.875000   0.700000  0.777778  10
066    0.727273   0.800000  0.761905  10
067    1.000000   0.600000  0.750000  10
068    0.692308   0.900000  0.782609  10
069    0.600000   0.900000  0.720000  10
070    1.000000   1.000000  1.000000  10
071    0.615385   0.800000  0.695652  10
072    0.909091   1.000000  0.952381  10
073    0.625000   0.500000  0.555556  10
074    1.000000   0.900000  0.947368  10
075    1.000000   0.900000  0.947368  10
076    1.000000   0.700000  0.823529  10
077    0.727273   0.800000  0.761905  10
078    0.700000   0.700000  0.700000  10
079    0.888889   0.800000  0.842105  10
080    0.857143   0.600000  0.705882  10
081    1.000000   0.500000  0.666667  10
082    0.750000   0.900000  0.818182  10
083    0.769231   1.000000  0.869565  10
084    0.600000   0.300000  0.400000  10
085    1.000000   1.000000  1.000000  10
086    1.000000   0.700000  0.823529  10
087    0.800000   0.800000  0.800000  10
088    0.470588   0.800000  0.592593  10
089    0.900000   0.900000  0.900000  10
090    1.000000   0.500000  0.666667  10
091    0.900000   0.900000  0.900000  10
092    1.000000   0.800000  0.888889  10
093    0.769231   1.000000  0.869565  10
094    0.727273   0.800000  0.761905  10
095    1.000000   1.000000  1.000000  10
096    1.000000   0.900000  0.947368  10
097    0.900000   0.900000  0.900000  10
098    0.800000   0.400000  0.533333  10
099    0.666667   0.600000  0.631579  10
100    0.750000   0.600000  0.666667  10
101    1.000000   1.000000  1.000000  10
102    0.900000   0.900000  0.900000  10
103    0.466667   0.700000  0.560000  10
104    1.000000   0.700000  0.823529  10
105    1.000000   0.600000  0.750000  10
106    0.888889   0.800000  0.842105  10
107    0.833333   1.000000  0.909091  10
108    1.000000   0.900000  0.947368  10
109    0.750000   0.900000  0.818182  10
110    0.777778   0.700000  0.736842  10
111    1.000000   0.700000  0.823529  10
112    0.900000   0.900000  0.900000  10
113    0.909091   1.000000  0.952381  10
114    0.700000   0.700000  0.700000  10
115    1.000000   0.900000  0.947368  10
116    1.000000   1.000000  1.000000  10
117    0.900000   0.900000  0.900000  10
118    0.833333   1.000000  0.909091  10
119    0.833333   0.500000  0.625000  10
120    0.750000   0.900000  0.818182  10
121    0.571429   0.400000  0.470588  10
122    0.714286   0.500000  0.588235  10
123    0.700000   0.700000  0.700000  10
124    1.000000   1.000000  1.000000  10
125    0.666667   0.800000  0.727273  10
126    1.000000   0.800000  0.888889  10
127    1.000000   0.600000  0.750000  10
128    0.833333   0.500000  0.625000  10
129    0.875000   0.700000  0.777778  10
130    0.571429   0.400000  0.470588  10
131    0.466667   0.700000  0.560000  10
132    1.000000   0.900000  0.947368  10
133    0.636364   0.700000  0.666667  10
134    1.000000   0.900000  0.947368  10
135    0.666667   1.000000  0.800000  10
136    0.800000   0.400000  0.533333  10
137    0.450000   0.900000  0.600000  10
138    0.555556   0.500000  0.526316  10
139    0.363636   0.400000  0.380952  10
140    0.700000   0.700000  0.700000  10
141    0.777778   0.700000  0.736842  10
142    0.857143   0.600000  0.705882  10
143    0.875000   0.700000  0.777778  10
144    0.642857   0.900000  0.750000  10
145    1.000000   0.900000  0.947368  10
146    0.727273   0.800000  0.761905  10
147    0.800000   0.800000  0.800000  10
148    0.800000   0.800000  0.800000  10
149    0.750000   0.900000  0.818182  10
150    0.400000   0.400000  0.400000  10
151    0.909091   1.000000  0.952381  10
152    0.833333   0.500000  0.625000  10
153    0.875000   0.700000  0.777778  10
154    0.777778   0.700000  0.736842  10
155    1.000000   0.100000  0.181818  10
156    0.777778   0.700000  0.736842  10
157    0.333333   0.300000  0.315789  10
158    0.411765   0.700000  0.518519  10
159    0.400000   0.800000  0.533333  10
160    1.000000   0.600000  0.750000  10
161    0.428571   0.600000  0.500000  10
162    0.571429   0.800000  0.666667  10
163    0.900000   0.900000  0.900000  10
164    0.777778   0.700000  0.736842  10
165    0.500000   0.900000  0.642857  10
166    1.000000   0.700000  0.823529  10
167    0.888889   0.800000  0.842105  10
168    0.666667   0.800000  0.727273  10
169    1.000000   0.800000  0.888889  10
170    0.800000   0.800000  0.800000  10
171    0.777778   0.700000  0.736842  10
172    0.666667   0.800000  0.727273  10
173    0.666667   0.600000  0.631579  10
174    1.000000   0.700000  0.823529  10
175    0.500000   0.700000  0.583333  10
176    1.000000   0.400000  0.571429  10
177    0.615385   0.800000  0.695652  10
178    0.318182   0.700000  0.437500  10
179    0.714286   0.500000  0.588235  10
180    0.714286   0.500000  0.588235  10
181    0.750000   0.600000  0.666667  10
182    1.000000   0.400000  0.571429  10
183    0.769231   1.000000  0.869565  10
184    0.888889   0.800000  0.842105  10
185    0.666667   0.600000  0.631579  10
186    0.818182   0.900000  0.857143  10
187    0.461538   0.600000  0.521739  10
188    0.727273   0.800000  0.761905  10
189    0.909091   1.000000  0.952381  10
190    0.615385   0.800000  0.695652  10
191    0.900000   0.900000  0.900000  10
192    0.800000   0.800000  0.800000  10
193    0.777778   0.700000  0.736842  10
194    0.409091   0.900000  0.562500  10
195    0.320000   0.800000  0.457143  10
196    0.714286   1.000000  0.833333  10
197    0.583333   0.700000  0.636364  10
198    0.571429   0.400000  0.470588  10
199    0.500000   0.400000  0.444444  10
200    1.000000   0.800000  0.888889  10
201    0.260870   0.600000  0.363636  10
202    0.461538   0.600000  0.521739  10
203    0.352941   0.600000  0.444444  10
204    0.750000   0.900000  0.818182  10
205    0.818182   0.900000  0.857143  10
206    1.000000   0.300000  0.461538  10
207    0.818182   0.900000  0.857143  10
208    0.818182   0.900000  0.857143  10
209    0.750000   0.600000  0.666667  10
210    0.888889   0.800000  0.842105  10
211    1.000000   1.000000  1.000000  10
212    0.545455   0.600000  0.571429  10
213    0.857143   0.600000  0.705882  10
214    0.888889   0.800000  0.842105  10
215    0.500000   0.800000  0.615385  10
216    0.242424   0.800000  0.372093  10
217    0.352941   0.600000  0.444444  10
218    0.692308   0.900000  0.782609  10
219    0.875000   0.700000  0.777778  10
220    0.428571   0.600000  0.500000  10
221    0.888889   0.800000  0.842105  10
222    0.526316   1.000000  0.689655  10
223    0.909091   1.000000  0.952381  10
224    0.777778   0.700000  0.736842  10
225    0.375000   0.900000  0.529412  10
226    0.800000   0.800000  0.800000  10
227    0.352941   0.600000  0.444444  10
228    0.555556   0.500000  0.526316  10
229    0.642857   0.900000  0.750000  10
230    0.400000   0.800000  0.533333  10
231    0.636364   0.700000  0.666667  10
232    0.750000   0.600000  0.666667  10
233    0.833333   0.500000  0.625000  10
234    1.000000   0.500000  0.666667  10
235    0.750000   0.900000  0.818182  10
236    0.769231   1.000000  0.869565  10
237    0.833333   0.500000  0.625000  10
238    0.900000   0.900000  0.900000  10
239    1.000000   0.600000  0.750000  10
240    0.800000   0.800000  0.800000  10
241    0.538462   0.700000  0.608696  10
242    0.545455   0.600000  0.571429  10
243    1.000000   1.000000  1.000000  10
244    0.800000   0.800000  0.800000  10
245    0.500000   0.600000  0.545455  10
246    0.187500   0.300000  0.230769  10
247    0.400000   0.200000  0.266667  10
248    1.000000   0.700000  0.823529  10
249    1.000000   0.500000  0.666667  10
250    0.600000   0.600000  0.600000  10
251    0.900000   0.900000  0.900000  10
252    0.625000   0.500000  0.555556  10
253    0.333333   0.100000  0.153846  10
254    1.000000   0.600000  0.750000  10
255    0.636364   0.700000  0.666667  10
256    0.500000   0.600000  0.545455  10
257    0.242424   0.800000  0.372093  10
258    0.666667   0.400000  0.500000  10
259    0.857143   0.600000  0.705882  10
260    0.750000   0.600000  0.666667  10
261    0.800000   0.800000  0.800000  10
262    0.437500   0.700000  0.538462  10
263    1.000000   0.900000  0.947368  10
264    0.909091   1.000000  0.952381  10
265    1.000000   0.600000  0.750000  10
266    0.615385   0.800000  0.695652  10
267    0.875000   0.700000  0.777778  10
268    1.000000   0.800000  0.888889  10
269    0.857143   0.600000  0.705882  10
270    0.888889   0.800000  0.842105  10
271    0.875000   0.700000  0.777778  10
272    0.900000   0.900000  0.900000  10
273    1.000000   0.800000  0.888889  10
274    0.857143   0.600000  0.705882  10
275    1.000000   0.500000  0.666667  10
276    0.461538   0.600000  0.521739  10
277    0.600000   0.900000  0.720000  10
278    0.411765   0.700000  0.518519  10
279    0.833333   1.000000  0.909091  10
280    0.833333   0.500000  0.625000  10
281    1.000000   0.600000  0.750000  10
282    1.000000   0.500000  0.666667  10
283    1.000000   0.700000  0.823529  10
284    0.900000   0.900000  0.900000  10
285    0.900000   0.900000  0.900000  10
286    0.714286   0.500000  0.588235  10
287    1.000000   0.200000  0.333333  10
288    0.600000   0.900000  0.720000  10
289    1.000000   0.500000  0.666667  10
290    0.888889   0.800000  0.842105  10
291    1.000000   0.900000  0.947368  10
292    0.909091   1.000000  0.952381  10
293    0.900000   0.900000  0.900000  10
294    0.777778   0.700000  0.736842  10
295    0.888889   0.800000  0.842105  10
296    0.769231   1.000000  0.869565  10
297    0.888889   0.800000  0.842105  10
298    1.000000   0.900000  0.947368  10
299    0.555556   1.000000  0.714286  10
300    1.000000   0.800000  0.888889  10
301    0.833333   1.000000  0.909091  10
302    0.714286   1.000000  0.833333  10
303    0.200000   0.900000  0.327273  10
304    1.000000   0.600000  0.750000  10
305    0.875000   0.700000  0.777778  10
306    0.625000   1.000000  0.769231  10
307    1.000000   0.900000  0.947368  10
308    0.636364   0.700000  0.666667  10
309    0.750000   0.900000  0.818182  10
310    1.000000   0.700000  0.823529  10
311    1.000000   0.700000  0.823529  10
312    1.000000   0.900000  0.947368  10
313    0.888889   0.800000  0.842105  10
314    0.888889   0.800000  0.842105  10
315    0.428571   0.600000  0.500000  10
316    0.769231   1.000000  0.869565  10
317    0.888889   0.800000  0.842105  10
318    0.875000   0.700000  0.777778  10
319    0.900000   0.900000  0.900000  10
320    1.000000   1.000000  1.000000  10
321    0.714286   1.000000  0.833333  10
322    0.161290   0.500000  0.243902  10
323    1.000000   0.600000  0.750000  10
324    1.000000   0.700000  0.823529  10
325    0.888889   0.800000  0.842105  10
326    0.600000   0.600000  0.600000  10
327    0.900000   0.900000  0.900000  10
328    0.900000   0.900000  0.900000  10
329    1.000000   1.000000  1.000000  10
330    0.666667   0.800000  0.727273  10
331    1.000000   0.800000  0.888889  10
332    0.875000   0.700000  0.777778  10
333    0.666667   0.400000  0.500000  10
334    0.800000   0.400000  0.533333  10
335    0.750000   0.300000  0.428571  10
336    1.000000   0.400000  0.571429  10
337    0.625000   0.500000  0.555556  10
338    0.388889   0.700000  0.500000  10
339    1.000000   0.800000  0.888889  10
340    1.000000   0.900000  0.947368  10
341    0.900000   0.900000  0.900000  10
342    0.909091   1.000000  0.952381  10
343    1.000000   0.800000  0.888889  10
344    0.833333   1.000000  0.909091  10
345    0.833333   1.000000  0.909091  10
346    0.833333   0.500000  0.625000  10
347    0.888889   0.800000  0.842105  10
348    0.727273   0.800000  0.761905  10
349    0.857143   0.600000  0.705882  10
350    1.000000   1.000000  1.000000  10
351    1.000000   0.700000  0.823529  10
352    0.900000   0.900000  0.900000  10
353    0.600000   0.300000  0.400000  10
354    0.700000   0.700000  0.700000  10
355    1.000000   0.600000  0.750000  10
356    1.000000   0.800000  0.888889  10
357    0.857143   0.600000  0.705882  10
358    0.900000   0.900000  0.900000  10
359    0.636364   0.700000  0.666667  10
360    0.818182   0.900000  0.857143  10
361    1.000000   0.800000  0.888889  10
362    0.900000   0.900000  0.900000  10
363    0.800000   0.800000  0.800000  10
364    1.000000   0.900000  0.947368  10
365    1.000000   0.900000  0.947368  10
366    0.800000   0.800000  0.800000  10
367    0.800000   0.400000  0.533333  10
368    0.857143   0.600000  0.705882  10
369    0.800000   0.800000  0.800000  10
370    0.818182   0.900000  0.857143  10
371    0.666667   1.000000  0.800000  10
372    0.857143   0.600000  0.705882  10
373    0.800000   0.800000  0.800000  10
374    0.833333   0.500000  0.625000  10
375    0.750000   0.600000  0.666667  10
376    1.000000   0.700000  0.823529  10
377    0.777778   0.700000  0.736842  10
378    1.000000   0.900000  0.947368  10
379    0.600000   0.600000  0.600000  10
380    1.000000   0.900000  0.947368  10
381    0.666667   0.600000  0.631579  10
382    1.000000   0.800000  0.888889  10
383    0.700000   0.700000  0.700000  10
384    1.000000   0.800000  0.888889  10
385    0.888889   0.800000  0.842105  10
386    0.600000   0.900000  0.720000  10
387    0.833333   0.500000  0.625000  10
388    0.400000   0.400000  0.400000  10
389    0.833333   0.500000  0.625000  10
390    1.000000   0.500000  0.666667  10
391    0.636364   0.700000  0.666667  10
392    1.000000   0.400000  0.571429  10
393    0.571429   0.800000  0.666667  10
394    0.727273   0.800000  0.761905  10
395    0.875000   0.700000  0.777778  10
396    0.818182   0.900000  0.857143  10
397    0.833333   1.000000  0.909091  10
398    0.750000   0.900000  0.818182  10
399    0.500000   0.700000  0.583333  10
400    0.875000   0.700000  0.777778  10
401    1.000000   1.000000  1.000000  10
402    1.000000   0.700000  0.823529  10
403    1.000000   0.800000  0.888889  10
404    0.888889   0.800000  0.842105  10
405    0.769231   1.000000  0.869565  10
406    0.818182   0.900000  0.857143  10
407    0.900000   0.900000  0.900000  10
408    0.666667   0.600000  0.631579  10
409    1.000000   0.900000  0.947368  10
410    0.333333   0.200000  0.250000  10
411    0.875000   0.700000  0.777778  10
412    0.615385   0.800000  0.695652  10
413    0.909091   1.000000  0.952381  10
414    0.500000   0.900000  0.642857  10
415    1.000000   0.500000  0.666667  10
416    1.000000   0.800000  0.888889  10
417    0.818182   0.900000  0.857143  10
418    0.888889   0.800000  0.842105  10
419    0.900000   0.900000  0.900000  10
420    0.692308   0.900000  0.782609  10
421    1.000000   0.600000  0.750000  10
422    1.000000   0.700000  0.823529  10
423    0.583333   0.700000  0.636364  10
424    1.000000   1.000000  1.000000  10
425    0.750000   0.900000  0.818182  10
426    1.000000   0.800000  0.888889  10
427    1.000000   1.000000  1.000000  10
428    0.388889   0.700000  0.500000  10
429    1.000000   0.600000  0.750000  10
430    1.000000   0.900000  0.947368  10
431    0.333333   0.800000  0.470588  10
432    0.888889   0.800000  0.842105  10
433    1.000000   0.800000  0.888889  10
434    1.000000   0.600000  0.750000  10
435    0.875000   0.700000  0.777778  10
436    1.000000   0.600000  0.750000  10
437    0.777778   0.700000  0.736842  10
438    0.857143   0.600000  0.705882  10
439    1.000000   0.700000  0.823529  10
440    1.000000   1.000000  1.000000  10
441    0.833333   0.500000  0.625000  10
442    0.357143   0.500000  0.416667  10
443    1.000000   1.000000  1.000000  10
444    0.562500   0.900000  0.692308  10
445    1.000000   0.900000  0.947368  10
446    1.000000   0.300000  0.461538  10
447    1.000000   0.900000  0.947368  10
448    0.727273   0.800000  0.761905  10
449    0.428571   0.600000  0.500000  10
450    0.909091   1.000000  0.952381  10
451    0.615385   0.800000  0.695652  10
452    1.000000   0.900000  0.947368  10
453    0.857143   0.600000  0.705882  10
454    1.000000   0.800000  0.888889  10
455    0.500000   0.200000  0.285714  10
456    0.533333   0.800000  0.640000  10
457    1.000000   1.000000  1.000000  10
458    0.777778   0.700000  0.736842  10
459    0.857143   0.600000  0.705882  10
460    1.000000   0.700000  0.823529  10
461    0.875000   0.700000  0.777778  10
462    0.666667   0.800000  0.727273  10
463    0.875000   0.700000  0.777778  10
464    0.888889   0.800000  0.842105  10
465    0.700000   0.700000  0.700000  10
466    0.400000   0.200000  0.266667  10
467    0.500000   0.400000  0.444444  10
468    0.750000   0.600000  0.666667  10
469    0.642857   0.900000  0.750000  10
470    1.000000   0.700000  0.823529  10
471    0.875000   0.700000  0.777778  10
472    0.500000   0.200000  0.285714  10
473    0.857143   0.600000  0.705882  10
474    1.000000   0.600000  0.750000  10
475    0.500000   0.500000  0.500000  10
476    0.625000   0.500000  0.555556  10
477    0.555556   0.500000  0.526316  10
478    0.700000   0.700000  0.700000  10
479    0.555556   0.500000  0.526316  10
480    0.555556   0.500000  0.526316  10
481    0.750000   0.600000  0.666667  10
482    0.409091   0.900000  0.562500  10
483    0.642857   0.900000  0.750000  10
484    0.900000   0.900000  0.900000  10
485    0.727273   0.800000  0.761905  10
486    1.000000   0.600000  0.750000  10
487    1.000000   0.800000  0.888889  10
488    0.800000   0.400000  0.533333  10
489    1.000000   0.800000  0.888889  10
490    0.857143   0.600000  0.705882  10
491    0.875000   0.700000  0.777778  10
492    0.900000   0.900000  0.900000  10
493    1.000000   0.500000  0.666667  10
494    0.600000   0.600000  0.600000  10
495    0.444444   0.400000  0.421053  10
496    0.500000   0.700000  0.583333  10
497    1.000000   0.100000  0.181818  10
498    1.000000   0.800000  0.888889  10
499    1.000000   0.600000  0.750000  10
