Test classification report
num_samples: 5000
teacher_fusion_space: calibrated probabilities
teacher_weights: cbp=0.160000, api=0.280000, cbp_api=0.560000
teacher_temperatures: cbp=0.580336, api=0.741079, cbp_api=0.684291
distill_schedule: cosine

Overall metrics
top1_accuracy: 0.832800 (83.28%)
top2_accuracy: 0.892800 (89.28%)
top3_accuracy: 0.918800 (91.88%)
top4_accuracy: 0.932000 (93.20%)
top5_accuracy: 0.939600 (93.96%)
macro_precision: 0.845542 (84.55%)
macro_recall: 0.832800 (83.28%)
macro_f1: 0.832759 (83.28%)

Per-class metrics
class  precision  recall  f1_score  support
000    0.909091   1.000000  0.952381  10
001    0.727273   0.800000  0.761905  10
002    0.666667   0.800000  0.727273  10
003    1.000000   0.800000  0.888889  10
004    0.875000   0.700000  0.777778  10
005    0.818182   0.900000  0.857143  10
006    0.888889   0.800000  0.842105  10
007    1.000000   0.900000  0.947368  10
008    0.888889   0.800000  0.842105  10
009    1.000000   1.000000  1.000000  10
010    1.000000   1.000000  1.000000  10
011    0.900000   0.900000  0.900000  10
012    1.000000   1.000000  1.000000  10
013    0.909091   1.000000  0.952381  10
014    0.900000   0.900000  0.900000  10
015    0.900000   0.900000  0.900000  10
016    1.000000   0.900000  0.947368  10
017    1.000000   1.000000  1.000000  10
018    0.833333   1.000000  0.909091  10
019    1.000000   1.000000  1.000000  10
020    0.888889   0.800000  0.842105  10
021    1.000000   0.900000  0.947368  10
022    1.000000   0.600000  0.750000  10
023    0.833333   1.000000  0.909091  10
024    0.833333   1.000000  0.909091  10
025    0.909091   1.000000  0.952381  10
026    1.000000   0.800000  0.888889  10
027    1.000000   0.700000  0.823529  10
028    1.000000   0.600000  0.750000  10
029    1.000000   0.900000  0.947368  10
030    0.833333   1.000000  0.909091  10
031    1.000000   0.800000  0.888889  10
032    1.000000   0.900000  0.947368  10
033    0.888889   0.800000  0.842105  10
034    0.818182   0.900000  0.857143  10
035    0.714286   1.000000  0.833333  10
036    0.833333   1.000000  0.909091  10
037    1.000000   1.000000  1.000000  10
038    1.000000   0.900000  0.947368  10
039    0.818182   0.900000  0.857143  10
040    1.000000   0.800000  0.888889  10
041    1.000000   1.000000  1.000000  10
042    1.000000   0.900000  0.947368  10
043    1.000000   1.000000  1.000000  10
044    1.000000   1.000000  1.000000  10
045    0.818182   0.900000  0.857143  10
046    0.909091   1.000000  0.952381  10
047    0.909091   1.000000  0.952381  10
048    0.909091   1.000000  0.952381  10
049    0.900000   0.900000  0.900000  10
050    0.833333   1.000000  0.909091  10
051    0.900000   0.900000  0.900000  10
052    0.777778   0.700000  0.736842  10
053    0.909091   1.000000  0.952381  10
054    0.900000   0.900000  0.900000  10
055    0.800000   0.800000  0.800000  10
056    0.800000   0.800000  0.800000  10
057    1.000000   1.000000  1.000000  10
058    1.000000   1.000000  1.000000  10
059    0.900000   0.900000  0.900000  10
060    1.000000   1.000000  1.000000  10
061    1.000000   1.000000  1.000000  10
062    1.000000   1.000000  1.000000  10
063    0.769231   1.000000  0.869565  10
064    0.888889   0.800000  0.842105  10
065    0.777778   0.700000  0.736842  10
066    0.900000   0.900000  0.900000  10
067    1.000000   0.600000  0.750000  10
068    1.000000   0.900000  0.947368  10
069    0.777778   0.700000  0.736842  10
070    0.909091   1.000000  0.952381  10
071    0.818182   0.900000  0.857143  10
072    0.909091   1.000000  0.952381  10
073    0.909091   1.000000  0.952381  10
074    0.833333   1.000000  0.909091  10
075    1.000000   0.900000  0.947368  10
076    0.800000   0.800000  0.800000  10
077    1.000000   1.000000  1.000000  10
078    0.818182   0.900000  0.857143  10
079    0.909091   1.000000  0.952381  10
080    1.000000   0.700000  0.823529  10
081    0.909091   1.000000  0.952381  10
082    0.833333   1.000000  0.909091  10
083    1.000000   1.000000  1.000000  10
084    0.777778   0.700000  0.736842  10
085    1.000000   1.000000  1.000000  10
086    0.900000   0.900000  0.900000  10
087    0.909091   1.000000  0.952381  10
088    0.750000   0.900000  0.818182  10
089    0.909091   1.000000  0.952381  10
090    1.000000   0.700000  0.823529  10
091    1.000000   1.000000  1.000000  10
092    1.000000   0.800000  0.888889  10
093    1.000000   1.000000  1.000000  10
094    0.769231   1.000000  0.869565  10
095    1.000000   1.000000  1.000000  10
096    1.000000   0.900000  0.947368  10
097    1.000000   0.900000  0.947368  10
098    1.000000   0.900000  0.947368  10
099    1.000000   0.900000  0.947368  10
100    0.875000   0.700000  0.777778  10
101    0.909091   1.000000  0.952381  10
102    1.000000   0.800000  0.888889  10
103    0.875000   0.700000  0.777778  10
104    0.777778   0.700000  0.736842  10
105    1.000000   0.700000  0.823529  10
106    0.800000   0.800000  0.800000  10
107    1.000000   1.000000  1.000000  10
108    1.000000   0.900000  0.947368  10
109    1.000000   0.900000  0.947368  10
110    0.900000   0.900000  0.900000  10
111    0.777778   0.700000  0.736842  10
112    1.000000   1.000000  1.000000  10
113    0.909091   1.000000  0.952381  10
114    0.909091   1.000000  0.952381  10
115    0.818182   0.900000  0.857143  10
116    1.000000   1.000000  1.000000  10
117    0.833333   1.000000  0.909091  10
118    0.900000   0.900000  0.900000  10
119    1.000000   0.600000  0.750000  10
120    1.000000   0.900000  0.947368  10
121    0.500000   0.800000  0.615385  10
122    0.714286   0.500000  0.588235  10
123    0.750000   0.900000  0.818182  10
124    1.000000   0.900000  0.947368  10
125    1.000000   0.800000  0.888889  10
126    1.000000   0.800000  0.888889  10
127    0.900000   0.900000  0.900000  10
128    0.692308   0.900000  0.782609  10
129    0.909091   1.000000  0.952381  10
130    0.875000   0.700000  0.777778  10
131    0.800000   0.800000  0.800000  10
132    1.000000   0.800000  0.888889  10
133    0.888889   0.800000  0.842105  10
134    1.000000   0.900000  0.947368  10
135    0.833333   1.000000  0.909091  10
136    0.750000   0.900000  0.818182  10
137    0.700000   0.700000  0.700000  10
138    1.000000   0.800000  0.888889  10
139    0.666667   0.800000  0.727273  10
140    0.875000   0.700000  0.777778  10
141    1.000000   1.000000  1.000000  10
142    1.000000   0.900000  0.947368  10
143    0.750000   0.600000  0.666667  10
144    0.909091   1.000000  0.952381  10
145    1.000000   1.000000  1.000000  10
146    1.000000   0.900000  0.947368  10
147    0.900000   0.900000  0.900000  10
148    1.000000   1.000000  1.000000  10
149    1.000000   0.900000  0.947368  10
150    0.909091   1.000000  0.952381  10
151    0.769231   1.000000  0.869565  10
152    1.000000   0.800000  0.888889  10
153    1.000000   1.000000  1.000000  10
154    0.888889   0.800000  0.842105  10
155    1.000000   0.600000  0.750000  10
156    0.700000   0.700000  0.700000  10
157    0.555556   0.500000  0.526316  10
158    0.571429   0.800000  0.666667  10
159    0.800000   0.800000  0.800000  10
160    0.750000   0.600000  0.666667  10
161    0.416667   0.500000  0.454545  10
162    0.777778   0.700000  0.736842  10
163    0.833333   1.000000  0.909091  10
164    0.642857   0.900000  0.750000  10
165    0.500000   0.500000  0.500000  10
166    0.666667   0.600000  0.631579  10
167    1.000000   0.800000  0.888889  10
168    0.800000   0.800000  0.800000  10
169    0.900000   0.900000  0.900000  10
170    1.000000   0.800000  0.888889  10
171    1.000000   0.800000  0.888889  10
172    0.727273   0.800000  0.761905  10
173    0.800000   0.800000  0.800000  10
174    0.750000   0.600000  0.666667  10
175    0.777778   0.700000  0.736842  10
176    0.600000   0.600000  0.600000  10
177    0.666667   0.800000  0.727273  10
178    0.700000   0.700000  0.700000  10
179    0.692308   0.900000  0.782609  10
180    0.857143   0.600000  0.705882  10
181    0.769231   1.000000  0.869565  10
182    0.545455   0.600000  0.571429  10
183    0.833333   1.000000  0.909091  10
184    1.000000   0.800000  0.888889  10
185    0.727273   0.800000  0.761905  10
186    0.818182   0.900000  0.857143  10
187    0.857143   0.600000  0.705882  10
188    0.750000   0.600000  0.666667  10
189    1.000000   1.000000  1.000000  10
190    0.636364   0.700000  0.666667  10
191    1.000000   0.800000  0.888889  10
192    0.800000   0.800000  0.800000  10
193    0.625000   0.500000  0.555556  10
194    0.888889   0.800000  0.842105  10
195    0.875000   0.700000  0.777778  10
196    1.000000   0.900000  0.947368  10
197    0.545455   0.600000  0.571429  10
198    0.900000   0.900000  0.900000  10
199    0.666667   0.800000  0.727273  10
200    0.818182   0.900000  0.857143  10
201    0.777778   0.700000  0.736842  10
202    0.666667   0.800000  0.727273  10
203    0.545455   0.600000  0.571429  10
204    0.583333   0.700000  0.636364  10
205    0.909091   1.000000  0.952381  10
206    0.875000   0.700000  0.777778  10
207    0.800000   0.800000  0.800000  10
208    0.800000   0.800000  0.800000  10
209    0.800000   0.800000  0.800000  10
210    0.818182   0.900000  0.857143  10
211    1.000000   1.000000  1.000000  10
212    0.777778   0.700000  0.736842  10
213    1.000000   0.700000  0.823529  10
214    0.857143   0.600000  0.705882  10
215    0.818182   0.900000  0.857143  10
216    0.777778   0.700000  0.736842  10
217    0.727273   0.800000  0.761905  10
218    0.833333   1.000000  0.909091  10
219    0.875000   0.700000  0.777778  10
220    0.800000   0.800000  0.800000  10
221    0.900000   0.900000  0.900000  10
222    1.000000   0.900000  0.947368  10
223    1.000000   1.000000  1.000000  10
224    0.875000   0.700000  0.777778  10
225    0.800000   0.800000  0.800000  10
226    0.900000   0.900000  0.900000  10
227    0.666667   0.600000  0.631579  10
228    0.750000   0.600000  0.666667  10
229    0.588235   1.000000  0.740741  10
230    0.666667   0.800000  0.727273  10
231    0.875000   0.700000  0.777778  10
232    0.700000   0.700000  0.700000  10
233    0.625000   0.500000  0.555556  10
234    0.700000   0.700000  0.700000  10
235    0.888889   0.800000  0.842105  10
236    0.800000   0.800000  0.800000  10
237    0.875000   0.700000  0.777778  10
238    0.833333   1.000000  0.909091  10
239    0.875000   0.700000  0.777778  10
240    1.000000   0.800000  0.888889  10
241    0.600000   0.900000  0.720000  10
242    0.727273   0.800000  0.761905  10
243    1.000000   1.000000  1.000000  10
244    0.888889   0.800000  0.842105  10
245    0.888889   0.800000  0.842105  10
246    0.600000   0.600000  0.600000  10
247    0.625000   0.500000  0.555556  10
248    0.875000   0.700000  0.777778  10
249    1.000000   0.800000  0.888889  10
250    0.800000   0.800000  0.800000  10
251    1.000000   1.000000  1.000000  10
252    1.000000   0.900000  0.947368  10
253    0.700000   0.700000  0.700000  10
254    0.727273   0.800000  0.761905  10
255    0.888889   0.800000  0.842105  10
256    0.625000   0.500000  0.555556  10
257    0.714286   1.000000  0.833333  10
258    0.875000   0.700000  0.777778  10
259    0.818182   0.900000  0.857143  10
260    0.800000   0.800000  0.800000  10
261    0.909091   1.000000  0.952381  10
262    1.000000   1.000000  1.000000  10
263    1.000000   1.000000  1.000000  10
264    0.909091   1.000000  0.952381  10
265    0.857143   0.600000  0.705882  10
266    0.818182   0.900000  0.857143  10
267    0.900000   0.900000  0.900000  10
268    0.692308   0.900000  0.782609  10
269    0.909091   1.000000  0.952381  10
270    0.818182   0.900000  0.857143  10
271    0.900000   0.900000  0.900000  10
272    1.000000   0.900000  0.947368  10
273    0.833333   1.000000  0.909091  10
274    1.000000   0.900000  0.947368  10
275    0.800000   0.800000  0.800000  10
276    0.900000   0.900000  0.900000  10
277    0.727273   0.800000  0.761905  10
278    0.875000   0.700000  0.777778  10
279    0.909091   1.000000  0.952381  10
280    0.750000   0.900000  0.818182  10
281    0.818182   0.900000  0.857143  10
282    0.800000   0.800000  0.800000  10
283    1.000000   0.900000  0.947368  10
284    0.750000   0.900000  0.818182  10
285    1.000000   0.900000  0.947368  10
286    1.000000   0.700000  0.823529  10
287    1.000000   0.800000  0.888889  10
288    0.692308   0.900000  0.782609  10
289    0.636364   0.700000  0.666667  10
290    1.000000   0.700000  0.823529  10
291    0.909091   1.000000  0.952381  10
292    0.833333   1.000000  0.909091  10
293    1.000000   0.800000  0.888889  10
294    0.769231   1.000000  0.869565  10
295    0.727273   0.800000  0.761905  10
296    0.875000   0.700000  0.777778  10
297    0.888889   0.800000  0.842105  10
298    0.833333   1.000000  0.909091  10
299    0.692308   0.900000  0.782609  10
300    0.727273   0.800000  0.761905  10
301    1.000000   1.000000  1.000000  10
302    0.769231   1.000000  0.869565  10
303    0.900000   0.900000  0.900000  10
304    0.909091   1.000000  0.952381  10
305    0.857143   0.600000  0.705882  10
306    1.000000   0.900000  0.947368  10
307    1.000000   1.000000  1.000000  10
308    0.636364   0.700000  0.666667  10
309    0.769231   1.000000  0.869565  10
310    1.000000   0.800000  0.888889  10
311    1.000000   0.900000  0.947368  10
312    0.900000   0.900000  0.900000  10
313    0.727273   0.800000  0.761905  10
314    0.777778   0.700000  0.736842  10
315    0.800000   0.800000  0.800000  10
316    0.900000   0.900000  0.900000  10
317    0.900000   0.900000  0.900000  10
318    0.818182   0.900000  0.857143  10
319    1.000000   0.900000  0.947368  10
320    1.000000   1.000000  1.000000  10
321    0.900000   0.900000  0.900000  10
322    0.750000   0.600000  0.666667  10
323    0.857143   0.600000  0.705882  10
324    0.750000   0.900000  0.818182  10
325    0.875000   0.700000  0.777778  10
326    1.000000   1.000000  1.000000  10
327    0.900000   0.900000  0.900000  10
328    0.714286   1.000000  0.833333  10
329    1.000000   1.000000  1.000000  10
330    0.800000   0.800000  0.800000  10
331    1.000000   1.000000  1.000000  10
332    0.818182   0.900000  0.857143  10
333    0.583333   0.700000  0.636364  10
334    0.750000   0.600000  0.666667  10
335    0.857143   0.600000  0.705882  10
336    0.666667   0.600000  0.631579  10
337    0.800000   0.800000  0.800000  10
338    0.666667   0.600000  0.631579  10
339    0.818182   0.900000  0.857143  10
340    0.769231   1.000000  0.869565  10
341    0.600000   0.900000  0.720000  10
342    0.900000   0.900000  0.900000  10
343    1.000000   0.900000  0.947368  10
344    1.000000   0.900000  0.947368  10
345    1.000000   0.700000  0.823529  10
346    1.000000   0.500000  0.666667  10
347    0.692308   0.900000  0.782609  10
348    1.000000   0.800000  0.888889  10
349    0.857143   0.600000  0.705882  10
350    0.909091   1.000000  0.952381  10
351    0.875000   0.700000  0.777778  10
352    1.000000   0.900000  0.947368  10
353    0.583333   0.700000  0.636364  10
354    0.636364   0.700000  0.666667  10
355    0.875000   0.700000  0.777778  10
356    0.800000   0.800000  0.800000  10
357    0.818182   0.900000  0.857143  10
358    0.769231   1.000000  0.869565  10
359    0.727273   0.800000  0.761905  10
360    0.777778   0.700000  0.736842  10
361    0.909091   1.000000  0.952381  10
362    0.909091   1.000000  0.952381  10
363    0.777778   0.700000  0.736842  10
364    0.818182   0.900000  0.857143  10
365    0.818182   0.900000  0.857143  10
366    0.818182   0.900000  0.857143  10
367    0.900000   0.900000  0.900000  10
368    0.800000   0.800000  0.800000  10
369    0.777778   0.700000  0.736842  10
370    1.000000   1.000000  1.000000  10
371    0.818182   0.900000  0.857143  10
372    1.000000   0.700000  0.823529  10
373    0.615385   0.800000  0.695652  10
374    0.857143   0.600000  0.705882  10
375    0.833333   1.000000  0.909091  10
376    1.000000   0.900000  0.947368  10
377    1.000000   0.800000  0.888889  10
378    0.818182   0.900000  0.857143  10
379    0.900000   0.900000  0.900000  10
380    0.909091   1.000000  0.952381  10
381    0.636364   0.700000  0.666667  10
382    1.000000   0.900000  0.947368  10
383    0.615385   0.800000  0.695652  10
384    0.888889   0.800000  0.842105  10
385    0.533333   0.800000  0.640000  10
386    1.000000   0.800000  0.888889  10
387    0.750000   0.900000  0.818182  10
388    0.750000   0.600000  0.666667  10
389    0.636364   0.700000  0.666667  10
390    0.714286   0.500000  0.588235  10
391    0.692308   0.900000  0.782609  10
392    0.777778   0.700000  0.736842  10
393    0.888889   0.800000  0.842105  10
394    0.857143   0.600000  0.705882  10
395    0.750000   0.600000  0.666667  10
396    1.000000   1.000000  1.000000  10
397    0.909091   1.000000  0.952381  10
398    0.800000   0.800000  0.800000  10
399    0.875000   0.700000  0.777778  10
400    0.750000   0.900000  0.818182  10
401    0.818182   0.900000  0.857143  10
402    0.900000   0.900000  0.900000  10
403    1.000000   0.800000  0.888889  10
404    1.000000   0.900000  0.947368  10
405    0.833333   1.000000  0.909091  10
406    1.000000   1.000000  1.000000  10
407    0.818182   0.900000  0.857143  10
408    0.500000   0.600000  0.545455  10
409    0.900000   0.900000  0.900000  10
410    0.363636   0.400000  0.380952  10
411    0.888889   0.800000  0.842105  10
412    0.888889   0.800000  0.842105  10
413    0.900000   0.900000  0.900000  10
414    0.583333   0.700000  0.636364  10
415    0.818182   0.900000  0.857143  10
416    0.900000   0.900000  0.900000  10
417    1.000000   1.000000  1.000000  10
418    0.888889   0.800000  0.842105  10
419    0.900000   0.900000  0.900000  10
420    1.000000   1.000000  1.000000  10
421    0.900000   0.900000  0.900000  10
422    1.000000   0.700000  0.823529  10
423    0.636364   0.700000  0.666667  10
424    1.000000   1.000000  1.000000  10
425    0.833333   1.000000  0.909091  10
426    0.909091   1.000000  0.952381  10
427    0.900000   0.900000  0.900000  10
428    0.875000   0.700000  0.777778  10
429    0.727273   0.800000  0.761905  10
430    1.000000   0.900000  0.947368  10
431    0.615385   0.800000  0.695652  10
432    0.818182   0.900000  0.857143  10
433    1.000000   0.800000  0.888889  10
434    0.888889   0.800000  0.842105  10
435    0.636364   0.700000  0.666667  10
436    1.000000   0.700000  0.823529  10
437    1.000000   0.700000  0.823529  10
438    0.875000   0.700000  0.777778  10
439    0.777778   0.700000  0.736842  10
440    1.000000   0.900000  0.947368  10
441    0.777778   0.700000  0.736842  10
442    0.437500   0.700000  0.538462  10
443    0.909091   1.000000  0.952381  10
444    0.900000   0.900000  0.900000  10
445    1.000000   0.800000  0.888889  10
446    0.545455   0.600000  0.571429  10
447    1.000000   0.900000  0.947368  10
448    0.888889   0.800000  0.842105  10
449    0.500000   0.700000  0.583333  10
450    1.000000   0.900000  0.947368  10
451    0.727273   0.800000  0.761905  10
452    0.833333   1.000000  0.909091  10
453    0.727273   0.800000  0.761905  10
454    1.000000   0.900000  0.947368  10
455    0.333333   0.100000  0.153846  10
456    0.437500   0.700000  0.538462  10
457    1.000000   1.000000  1.000000  10
458    1.000000   0.800000  0.888889  10
459    0.769231   1.000000  0.869565  10
460    0.818182   0.900000  0.857143  10
461    0.909091   1.000000  0.952381  10
462    0.777778   0.700000  0.736842  10
463    0.692308   0.900000  0.782609  10
464    0.888889   0.800000  0.842105  10
465    0.750000   0.600000  0.666667  10
466    0.307692   0.400000  0.347826  10
467    0.625000   0.500000  0.555556  10
468    0.600000   0.600000  0.600000  10
469    0.909091   1.000000  0.952381  10
470    0.666667   0.800000  0.727273  10
471    0.909091   1.000000  0.952381  10
472    0.545455   0.600000  0.571429  10
473    0.750000   0.900000  0.818182  10
474    1.000000   0.900000  0.947368  10
475    0.900000   0.900000  0.900000  10
476    0.800000   0.800000  0.800000  10
477    1.000000   0.700000  0.823529  10
478    0.857143   0.600000  0.705882  10
479    0.500000   0.800000  0.615385  10
480    0.454545   0.500000  0.476190  10
481    0.583333   0.700000  0.636364  10
482    1.000000   0.900000  0.947368  10
483    0.909091   1.000000  0.952381  10
484    0.600000   0.900000  0.720000  10
485    0.909091   1.000000  0.952381  10
486    0.538462   0.700000  0.608696  10
487    0.800000   0.800000  0.800000  10
488    0.727273   0.800000  0.761905  10
489    1.000000   0.900000  0.947368  10
490    0.777778   0.700000  0.736842  10
491    1.000000   0.800000  0.888889  10
492    0.714286   1.000000  0.833333  10
493    1.000000   0.900000  0.947368  10
494    0.500000   0.600000  0.545455  10
495    0.714286   0.500000  0.588235  10
496    0.857143   0.600000  0.705882  10
497    0.636364   0.700000  0.666667  10
498    0.818182   0.900000  0.857143  10
499    0.666667   0.800000  0.727273  10
