Robustness classification report
model: pmg_cov
degradation: brightness
severity: 4
num_samples: 5000
num_classes: 500
nll: 1.973348

Overall metrics
top1_accuracy: 0.791800 (79.18%)
top2_accuracy: 0.861400 (86.14%)
top3_accuracy: 0.889800 (88.98%)
top4_accuracy: 0.903800 (90.38%)
top5_accuracy: 0.915000 (91.50%)
macro_precision: 0.827968 (82.80%)
macro_recall: 0.791800 (79.18%)
macro_f1: 0.793685 (79.37%)

Per-class metrics
class  precision  recall  f1_score  support
000    0.833333   1.000000  0.909091  10
001    1.000000   0.300000  0.461538  10
002    0.769231   1.000000  0.869565  10
003    0.888889   0.800000  0.842105  10
004    0.769231   1.000000  0.869565  10
005    1.000000   0.800000  0.888889  10
006    0.909091   1.000000  0.952381  10
007    1.000000   0.900000  0.947368  10
008    1.000000   0.800000  0.888889  10
009    1.000000   1.000000  1.000000  10
010    0.769231   1.000000  0.869565  10
011    0.727273   0.800000  0.761905  10
012    0.900000   0.900000  0.900000  10
013    1.000000   0.900000  0.947368  10
014    0.900000   0.900000  0.900000  10
015    0.909091   1.000000  0.952381  10
016    0.900000   0.900000  0.900000  10
017    0.769231   1.000000  0.869565  10
018    0.909091   1.000000  0.952381  10
019    0.900000   0.900000  0.900000  10
020    0.888889   0.800000  0.842105  10
021    1.000000   1.000000  1.000000  10
022    1.000000   0.500000  0.666667  10
023    1.000000   0.700000  0.823529  10
024    0.909091   1.000000  0.952381  10
025    1.000000   1.000000  1.000000  10
026    0.642857   0.900000  0.750000  10
027    1.000000   0.500000  0.666667  10
028    1.000000   0.700000  0.823529  10
029    1.000000   0.900000  0.947368  10
030    0.769231   1.000000  0.869565  10
031    1.000000   0.500000  0.666667  10
032    0.818182   0.900000  0.857143  10
033    1.000000   0.900000  0.947368  10
034    0.769231   1.000000  0.869565  10
035    0.888889   0.800000  0.842105  10
036    0.714286   1.000000  0.833333  10
037    0.900000   0.900000  0.900000  10
038    0.875000   0.700000  0.777778  10
039    0.875000   0.700000  0.777778  10
040    1.000000   0.900000  0.947368  10
041    1.000000   1.000000  1.000000  10
042    1.000000   0.600000  0.750000  10
043    1.000000   0.900000  0.947368  10
044    1.000000   0.900000  0.947368  10
045    0.900000   0.900000  0.900000  10
046    0.909091   1.000000  0.952381  10
047    0.900000   0.900000  0.900000  10
048    1.000000   1.000000  1.000000  10
049    0.888889   0.800000  0.842105  10
050    0.909091   1.000000  0.952381  10
051    1.000000   0.800000  0.888889  10
052    0.818182   0.900000  0.857143  10
053    0.777778   0.700000  0.736842  10
054    1.000000   0.800000  0.888889  10
055    0.875000   0.700000  0.777778  10
056    1.000000   0.900000  0.947368  10
057    0.818182   0.900000  0.857143  10
058    1.000000   1.000000  1.000000  10
059    1.000000   0.900000  0.947368  10
060    0.909091   1.000000  0.952381  10
061    0.833333   1.000000  0.909091  10
062    1.000000   1.000000  1.000000  10
063    0.818182   0.900000  0.857143  10
064    1.000000   0.400000  0.571429  10
065    0.777778   0.700000  0.736842  10
066    0.571429   0.800000  0.666667  10
067    0.750000   0.600000  0.666667  10
068    0.625000   1.000000  0.769231  10
069    1.000000   0.800000  0.888889  10
070    1.000000   1.000000  1.000000  10
071    0.900000   0.900000  0.900000  10
072    1.000000   1.000000  1.000000  10
073    0.900000   0.900000  0.900000  10
074    0.833333   1.000000  0.909091  10
075    1.000000   0.900000  0.947368  10
076    1.000000   0.700000  0.823529  10
077    1.000000   0.900000  0.947368  10
078    0.818182   0.900000  0.857143  10
079    0.900000   0.900000  0.900000  10
080    1.000000   0.800000  0.888889  10
081    0.900000   0.900000  0.900000  10
082    1.000000   1.000000  1.000000  10
083    1.000000   0.900000  0.947368  10
084    0.800000   0.400000  0.533333  10
085    1.000000   1.000000  1.000000  10
086    1.000000   0.900000  0.947368  10
087    0.750000   0.900000  0.818182  10
088    0.642857   0.900000  0.750000  10
089    1.000000   0.900000  0.947368  10
090    1.000000   0.500000  0.666667  10
091    0.909091   1.000000  0.952381  10
092    0.857143   0.600000  0.705882  10
093    0.909091   1.000000  0.952381  10
094    0.727273   0.800000  0.761905  10
095    1.000000   1.000000  1.000000  10
096    1.000000   0.900000  0.947368  10
097    1.000000   0.800000  0.888889  10
098    0.800000   0.800000  0.800000  10
099    1.000000   0.900000  0.947368  10
100    0.818182   0.900000  0.857143  10
101    1.000000   0.900000  0.947368  10
102    0.818182   0.900000  0.857143  10
103    0.777778   0.700000  0.736842  10
104    1.000000   0.700000  0.823529  10
105    1.000000   0.900000  0.947368  10
106    0.800000   0.800000  0.800000  10
107    0.900000   0.900000  0.900000  10
108    1.000000   0.900000  0.947368  10
109    1.000000   0.900000  0.947368  10
110    0.900000   0.900000  0.900000  10
111    1.000000   0.800000  0.888889  10
112    0.909091   1.000000  0.952381  10
113    0.909091   1.000000  0.952381  10
114    1.000000   0.900000  0.947368  10
115    1.000000   0.800000  0.888889  10
116    0.909091   1.000000  0.952381  10
117    1.000000   1.000000  1.000000  10
118    1.000000   0.900000  0.947368  10
119    1.000000   0.600000  0.750000  10
120    0.875000   0.700000  0.777778  10
121    0.800000   0.800000  0.800000  10
122    0.888889   0.800000  0.842105  10
123    0.800000   0.800000  0.800000  10
124    1.000000   1.000000  1.000000  10
125    0.777778   0.700000  0.736842  10
126    0.727273   0.800000  0.761905  10
127    0.875000   0.700000  0.777778  10
128    0.900000   0.900000  0.900000  10
129    0.888889   0.800000  0.842105  10
130    1.000000   0.600000  0.750000  10
131    0.875000   0.700000  0.777778  10
132    0.900000   0.900000  0.900000  10
133    1.000000   0.800000  0.888889  10
134    1.000000   0.900000  0.947368  10
135    0.692308   0.900000  0.782609  10
136    0.800000   0.800000  0.800000  10
137    1.000000   0.900000  0.947368  10
138    0.818182   0.900000  0.857143  10
139    0.714286   0.500000  0.588235  10
140    0.615385   0.800000  0.695652  10
141    0.888889   0.800000  0.842105  10
142    1.000000   0.700000  0.823529  10
143    0.875000   0.700000  0.777778  10
144    0.625000   1.000000  0.769231  10
145    0.909091   1.000000  0.952381  10
146    0.818182   0.900000  0.857143  10
147    1.000000   0.500000  0.666667  10
148    1.000000   1.000000  1.000000  10
149    0.900000   0.900000  0.900000  10
150    0.888889   0.800000  0.842105  10
151    1.000000   1.000000  1.000000  10
152    0.750000   0.900000  0.818182  10
153    1.000000   1.000000  1.000000  10
154    1.000000   0.800000  0.888889  10
155    0.800000   0.400000  0.533333  10
156    0.875000   0.700000  0.777778  10
157    0.714286   0.500000  0.588235  10
158    0.625000   0.500000  0.555556  10
159    0.800000   0.800000  0.800000  10
160    0.777778   0.700000  0.736842  10
161    0.555556   0.500000  0.526316  10
162    0.692308   0.900000  0.782609  10
163    0.833333   1.000000  0.909091  10
164    0.727273   0.800000  0.761905  10
165    0.714286   0.500000  0.588235  10
166    0.636364   0.700000  0.666667  10
167    1.000000   0.800000  0.888889  10
168    1.000000   0.900000  0.947368  10
169    0.636364   0.700000  0.666667  10
170    0.769231   1.000000  0.869565  10
171    0.428571   0.900000  0.580645  10
172    1.000000   0.800000  0.888889  10
173    1.000000   0.900000  0.947368  10
174    1.000000   0.800000  0.888889  10
175    0.636364   0.700000  0.666667  10
176    0.642857   0.900000  0.750000  10
177    0.777778   0.700000  0.736842  10
178    0.750000   0.600000  0.666667  10
179    0.857143   0.600000  0.705882  10
180    0.666667   0.600000  0.631579  10
181    0.529412   0.900000  0.666667  10
182    0.800000   0.400000  0.533333  10
183    0.888889   0.800000  0.842105  10
184    1.000000   0.700000  0.823529  10
185    0.888889   0.800000  0.842105  10
186    1.000000   1.000000  1.000000  10
187    0.666667   0.600000  0.631579  10
188    0.727273   0.800000  0.761905  10
189    1.000000   1.000000  1.000000  10
190    0.666667   1.000000  0.800000  10
191    0.533333   0.800000  0.640000  10
192    0.900000   0.900000  0.900000  10
193    0.333333   0.500000  0.400000  10
194    0.888889   0.800000  0.842105  10
195    0.636364   0.700000  0.666667  10
196    1.000000   0.800000  0.888889  10
197    0.333333   0.400000  0.363636  10
198    0.416667   0.500000  0.454545  10
199    0.727273   0.800000  0.761905  10
200    0.800000   0.800000  0.800000  10
201    0.571429   0.800000  0.666667  10
202    0.800000   0.400000  0.533333  10
203    0.437500   0.700000  0.538462  10
204    0.500000   0.900000  0.642857  10
205    0.900000   0.900000  0.900000  10
206    0.454545   0.500000  0.476190  10
207    0.727273   0.800000  0.761905  10
208    0.875000   0.700000  0.777778  10
209    0.777778   0.700000  0.736842  10
210    1.000000   0.800000  0.888889  10
211    1.000000   0.800000  0.888889  10
212    0.833333   0.500000  0.625000  10
213    0.833333   0.500000  0.625000  10
214    0.428571   0.600000  0.500000  10
215    0.800000   0.800000  0.800000  10
216    1.000000   0.600000  0.750000  10
217    0.857143   0.600000  0.705882  10
218    0.888889   0.800000  0.842105  10
219    0.777778   0.700000  0.736842  10
220    0.750000   0.600000  0.666667  10
221    1.000000   0.700000  0.823529  10
222    0.833333   1.000000  0.909091  10
223    0.900000   0.900000  0.900000  10
224    0.700000   0.700000  0.700000  10
225    0.600000   0.900000  0.720000  10
226    0.769231   1.000000  0.869565  10
227    0.454545   0.500000  0.476190  10
228    0.600000   0.300000  0.400000  10
229    0.909091   1.000000  0.952381  10
230    0.571429   0.800000  0.666667  10
231    1.000000   0.600000  0.750000  10
232    0.625000   0.500000  0.555556  10
233    1.000000   0.100000  0.181818  10
234    1.000000   0.700000  0.823529  10
235    0.666667   0.600000  0.631579  10
236    0.888889   0.800000  0.842105  10
237    1.000000   0.600000  0.750000  10
238    0.833333   1.000000  0.909091  10
239    0.900000   0.900000  0.900000  10
240    1.000000   0.800000  0.888889  10
241    0.888889   0.800000  0.842105  10
242    0.692308   0.900000  0.782609  10
243    1.000000   1.000000  1.000000  10
244    0.800000   0.800000  0.800000  10
245    0.727273   0.800000  0.761905  10
246    0.307692   0.800000  0.444444  10
247    0.600000   0.300000  0.400000  10
248    0.800000   0.800000  0.800000  10
249    0.818182   0.900000  0.857143  10
250    0.888889   0.800000  0.842105  10
251    0.909091   1.000000  0.952381  10
252    0.875000   0.700000  0.777778  10
253    0.666667   0.600000  0.631579  10
254    0.642857   0.900000  0.750000  10
255    0.888889   0.800000  0.842105  10
256    0.444444   0.400000  0.421053  10
257    0.777778   0.700000  0.736842  10
258    0.727273   0.800000  0.761905  10
259    0.444444   0.800000  0.571429  10
260    0.777778   0.700000  0.736842  10
261    0.833333   1.000000  0.909091  10
262    0.777778   0.700000  0.736842  10
263    1.000000   0.900000  0.947368  10
264    0.909091   1.000000  0.952381  10
265    0.375000   0.300000  0.333333  10
266    0.538462   0.700000  0.608696  10
267    0.700000   0.700000  0.700000  10
268    0.692308   0.900000  0.782609  10
269    0.588235   1.000000  0.740741  10
270    0.900000   0.900000  0.900000  10
271    0.352941   0.600000  0.444444  10
272    1.000000   0.900000  0.947368  10
273    0.600000   0.900000  0.720000  10
274    1.000000   0.800000  0.888889  10
275    1.000000   0.900000  0.947368  10
276    1.000000   0.800000  0.888889  10
277    1.000000   0.800000  0.888889  10
278    0.666667   0.600000  0.631579  10
279    0.909091   1.000000  0.952381  10
280    0.900000   0.900000  0.900000  10
281    1.000000   0.600000  0.750000  10
282    1.000000   0.800000  0.888889  10
283    1.000000   1.000000  1.000000  10
284    0.900000   0.900000  0.900000  10
285    1.000000   1.000000  1.000000  10
286    0.833333   0.500000  0.625000  10
287    0.666667   0.800000  0.727273  10
288    0.818182   0.900000  0.857143  10
289    1.000000   0.700000  0.823529  10
290    0.571429   0.800000  0.666667  10
291    1.000000   1.000000  1.000000  10
292    0.888889   0.800000  0.842105  10
293    0.857143   0.600000  0.705882  10
294    0.562500   0.900000  0.692308  10
295    0.555556   1.000000  0.714286  10
296    1.000000   0.500000  0.666667  10
297    0.692308   0.900000  0.782609  10
298    0.900000   0.900000  0.900000  10
299    0.555556   1.000000  0.714286  10
300    1.000000   1.000000  1.000000  10
301    0.833333   1.000000  0.909091  10
302    1.000000   1.000000  1.000000  10
303    1.000000   0.900000  0.947368  10
304    0.818182   0.900000  0.857143  10
305    1.000000   0.700000  0.823529  10
306    0.750000   0.900000  0.818182  10
307    0.833333   1.000000  0.909091  10
308    0.388889   0.700000  0.500000  10
309    0.600000   0.900000  0.720000  10
310    1.000000   0.900000  0.947368  10
311    1.000000   0.700000  0.823529  10
312    0.642857   0.900000  0.750000  10
313    1.000000   0.700000  0.823529  10
314    0.875000   0.700000  0.777778  10
315    0.750000   0.900000  0.818182  10
316    0.666667   1.000000  0.800000  10
317    0.900000   0.900000  0.900000  10
318    0.875000   0.700000  0.777778  10
319    1.000000   0.900000  0.947368  10
320    1.000000   0.900000  0.947368  10
321    1.000000   0.900000  0.947368  10
322    0.333333   0.800000  0.470588  10
323    0.875000   0.700000  0.777778  10
324    0.428571   0.900000  0.580645  10
325    0.391304   0.900000  0.545455  10
326    1.000000   0.900000  0.947368  10
327    0.636364   0.700000  0.666667  10
328    0.526316   1.000000  0.689655  10
329    1.000000   1.000000  1.000000  10
330    0.555556   1.000000  0.714286  10
331    0.900000   0.900000  0.900000  10
332    0.583333   0.700000  0.636364  10
333    0.625000   0.500000  0.555556  10
334    0.727273   0.800000  0.761905  10
335    1.000000   0.500000  0.666667  10
336    0.470588   0.800000  0.592593  10
337    0.875000   0.700000  0.777778  10
338    0.428571   0.900000  0.580645  10
339    0.777778   0.700000  0.736842  10
340    0.750000   0.900000  0.818182  10
341    0.583333   0.700000  0.636364  10
342    0.909091   1.000000  0.952381  10
343    0.750000   0.900000  0.818182  10
344    1.000000   0.800000  0.888889  10
345    0.777778   0.700000  0.736842  10
346    0.666667   0.400000  0.500000  10
347    0.583333   0.700000  0.636364  10
348    0.888889   0.800000  0.842105  10
349    1.000000   0.600000  0.750000  10
350    1.000000   1.000000  1.000000  10
351    0.888889   0.800000  0.842105  10
352    1.000000   0.900000  0.947368  10
353    0.857143   0.600000  0.705882  10
354    0.636364   0.700000  0.666667  10
355    0.833333   0.500000  0.625000  10
356    0.800000   0.800000  0.800000  10
357    0.727273   0.800000  0.761905  10
358    0.888889   0.800000  0.842105  10
359    0.875000   0.700000  0.777778  10
360    0.888889   0.800000  0.842105  10
361    1.000000   0.800000  0.888889  10
362    0.818182   0.900000  0.857143  10
363    0.857143   0.600000  0.705882  10
364    0.692308   0.900000  0.782609  10
365    1.000000   0.800000  0.888889  10
366    1.000000   0.900000  0.947368  10
367    0.636364   0.700000  0.666667  10
368    1.000000   0.700000  0.823529  10
369    0.777778   0.700000  0.736842  10
370    0.909091   1.000000  0.952381  10
371    1.000000   0.800000  0.888889  10
372    0.727273   0.800000  0.761905  10
373    0.777778   0.700000  0.736842  10
374    1.000000   0.500000  0.666667  10
375    0.909091   1.000000  0.952381  10
376    0.909091   1.000000  0.952381  10
377    1.000000   0.500000  0.666667  10
378    1.000000   0.800000  0.888889  10
379    0.909091   1.000000  0.952381  10
380    1.000000   0.900000  0.947368  10
381    0.750000   0.600000  0.666667  10
382    0.769231   1.000000  0.869565  10
383    0.600000   0.600000  0.600000  10
384    0.727273   0.800000  0.761905  10
385    0.800000   0.800000  0.800000  10
386    0.500000   0.900000  0.642857  10
387    0.400000   1.000000  0.571429  10
388    0.714286   0.500000  0.588235  10
389    0.625000   0.500000  0.555556  10
390    0.571429   0.400000  0.470588  10
391    0.875000   0.700000  0.777778  10
392    0.411765   0.700000  0.518519  10
393    0.857143   0.600000  0.705882  10
394    1.000000   0.700000  0.823529  10
395    1.000000   0.400000  0.571429  10
396    0.833333   1.000000  0.909091  10
397    1.000000   1.000000  1.000000  10
398    0.900000   0.900000  0.900000  10
399    0.583333   0.700000  0.636364  10
400    1.000000   0.600000  0.750000  10
401    1.000000   0.900000  0.947368  10
402    0.900000   0.900000  0.900000  10
403    1.000000   0.700000  0.823529  10
404    1.000000   0.900000  0.947368  10
405    0.909091   1.000000  0.952381  10
406    0.900000   0.900000  0.900000  10
407    0.666667   0.800000  0.727273  10
408    0.600000   0.600000  0.600000  10
409    1.000000   0.800000  0.888889  10
410    0.312500   0.500000  0.384615  10
411    0.421053   0.800000  0.551724  10
412    0.875000   0.700000  0.777778  10
413    0.750000   0.900000  0.818182  10
414    0.692308   0.900000  0.782609  10
415    0.900000   0.900000  0.900000  10
416    0.769231   1.000000  0.869565  10
417    1.000000   1.000000  1.000000  10
418    1.000000   0.800000  0.888889  10
419    0.909091   1.000000  0.952381  10
420    0.818182   0.900000  0.857143  10
421    0.818182   0.900000  0.857143  10
422    1.000000   0.500000  0.666667  10
423    1.000000   0.700000  0.823529  10
424    1.000000   1.000000  1.000000  10
425    0.750000   0.900000  0.818182  10
426    0.875000   0.700000  0.777778  10
427    1.000000   0.800000  0.888889  10
428    1.000000   0.600000  0.750000  10
429    1.000000   0.600000  0.750000  10
430    1.000000   0.900000  0.947368  10
431    0.692308   0.900000  0.782609  10
432    0.900000   0.900000  0.900000  10
433    1.000000   0.700000  0.823529  10
434    1.000000   0.800000  0.888889  10
435    0.777778   0.700000  0.736842  10
436    1.000000   0.800000  0.888889  10
437    0.875000   0.700000  0.777778  10
438    0.857143   0.600000  0.705882  10
439    1.000000   0.600000  0.750000  10
440    1.000000   1.000000  1.000000  10
441    0.428571   0.600000  0.500000  10
442    0.500000   0.500000  0.500000  10
443    1.000000   1.000000  1.000000  10
444    1.000000   0.400000  0.571429  10
445    1.000000   0.900000  0.947368  10
446    0.450000   0.900000  0.600000  10
447    1.000000   0.900000  0.947368  10
448    0.888889   0.800000  0.842105  10
449    0.636364   0.700000  0.666667  10
450    0.900000   0.900000  0.900000  10
451    0.909091   1.000000  0.952381  10
452    0.833333   1.000000  0.909091  10
453    0.888889   0.800000  0.842105  10
454    1.000000   0.700000  0.823529  10
455    0.250000   0.100000  0.142857  10
456    0.466667   0.700000  0.560000  10
457    1.000000   1.000000  1.000000  10
458    0.888889   0.800000  0.842105  10
459    1.000000   0.600000  0.750000  10
460    1.000000   0.700000  0.823529  10
461    0.909091   1.000000  0.952381  10
462    0.888889   0.800000  0.842105  10
463    0.727273   0.800000  0.761905  10
464    0.800000   0.800000  0.800000  10
465    0.750000   0.600000  0.666667  10
466    0.357143   0.500000  0.416667  10
467    0.666667   0.400000  0.500000  10
468    0.875000   0.700000  0.777778  10
469    0.571429   0.400000  0.470588  10
470    0.466667   0.700000  0.560000  10
471    0.833333   1.000000  0.909091  10
472    0.800000   0.400000  0.533333  10
473    0.583333   0.700000  0.636364  10
474    1.000000   0.700000  0.823529  10
475    0.727273   0.800000  0.761905  10
476    0.538462   0.700000  0.608696  10
477    0.875000   0.700000  0.777778  10
478    0.750000   0.600000  0.666667  10
479    0.833333   0.500000  0.625000  10
480    1.000000   0.200000  0.333333  10
481    0.470588   0.800000  0.592593  10
482    1.000000   0.800000  0.888889  10
483    0.588235   1.000000  0.740741  10
484    0.615385   0.800000  0.695652  10
485    1.000000   0.800000  0.888889  10
486    0.875000   0.700000  0.777778  10
487    0.900000   0.900000  0.900000  10
488    0.500000   0.500000  0.500000  10
489    1.000000   1.000000  1.000000  10
490    0.545455   0.600000  0.571429  10
491    1.000000   0.800000  0.888889  10
492    0.714286   1.000000  0.833333  10
493    0.888889   0.800000  0.842105  10
494    0.666667   0.600000  0.631579  10
495    0.625000   0.500000  0.555556  10
496    0.777778   0.700000  0.736842  10
497    0.416667   0.500000  0.454545  10
498    0.909091   1.000000  0.952381  10
499    1.000000   0.800000  0.888889  10
