Robustness classification report
model: pmg_cov
degradation: gaussian_noise
severity: 2
num_samples: 5000
num_classes: 500
nll: 1.722689

Overall metrics
top1_accuracy: 0.819200 (81.92%)
top2_accuracy: 0.886600 (88.66%)
top3_accuracy: 0.909400 (90.94%)
top4_accuracy: 0.921600 (92.16%)
top5_accuracy: 0.931400 (93.14%)
macro_precision: 0.841439 (84.14%)
macro_recall: 0.819200 (81.92%)
macro_f1: 0.819031 (81.90%)

Per-class metrics
class  precision  recall  f1_score  support
000    0.909091   1.000000  0.952381  10
001    0.800000   0.400000  0.533333  10
002    0.900000   0.900000  0.900000  10
003    1.000000   0.800000  0.888889  10
004    0.909091   1.000000  0.952381  10
005    0.900000   0.900000  0.900000  10
006    0.900000   0.900000  0.900000  10
007    0.900000   0.900000  0.900000  10
008    1.000000   0.700000  0.823529  10
009    1.000000   1.000000  1.000000  10
010    0.909091   1.000000  0.952381  10
011    0.800000   0.800000  0.800000  10
012    0.900000   0.900000  0.900000  10
013    0.900000   0.900000  0.900000  10
014    0.750000   0.900000  0.818182  10
015    1.000000   1.000000  1.000000  10
016    0.888889   0.800000  0.842105  10
017    1.000000   0.900000  0.947368  10
018    1.000000   1.000000  1.000000  10
019    1.000000   0.900000  0.947368  10
020    0.818182   0.900000  0.857143  10
021    1.000000   1.000000  1.000000  10
022    1.000000   0.600000  0.750000  10
023    0.818182   0.900000  0.857143  10
024    0.833333   1.000000  0.909091  10
025    0.909091   1.000000  0.952381  10
026    0.666667   0.800000  0.727273  10
027    1.000000   0.900000  0.947368  10
028    1.000000   0.700000  0.823529  10
029    1.000000   0.800000  0.888889  10
030    0.769231   1.000000  0.869565  10
031    0.857143   0.600000  0.705882  10
032    1.000000   0.900000  0.947368  10
033    1.000000   0.800000  0.888889  10
034    0.727273   0.800000  0.761905  10
035    0.727273   0.800000  0.761905  10
036    0.714286   1.000000  0.833333  10
037    0.909091   1.000000  0.952381  10
038    0.800000   0.800000  0.800000  10
039    0.857143   0.600000  0.705882  10
040    1.000000   0.900000  0.947368  10
041    0.909091   1.000000  0.952381  10
042    0.888889   0.800000  0.842105  10
043    1.000000   0.900000  0.947368  10
044    0.900000   0.900000  0.900000  10
045    0.909091   1.000000  0.952381  10
046    0.909091   1.000000  0.952381  10
047    1.000000   0.900000  0.947368  10
048    0.888889   0.800000  0.842105  10
049    0.666667   0.800000  0.727273  10
050    1.000000   0.900000  0.947368  10
051    0.800000   0.800000  0.800000  10
052    1.000000   0.600000  0.750000  10
053    0.888889   0.800000  0.842105  10
054    1.000000   0.900000  0.947368  10
055    0.727273   0.800000  0.761905  10
056    1.000000   0.700000  0.823529  10
057    0.888889   0.800000  0.842105  10
058    1.000000   1.000000  1.000000  10
059    1.000000   0.900000  0.947368  10
060    0.833333   1.000000  0.909091  10
061    0.833333   1.000000  0.909091  10
062    1.000000   1.000000  1.000000  10
063    0.909091   1.000000  0.952381  10
064    0.875000   0.700000  0.777778  10
065    0.615385   0.800000  0.695652  10
066    0.666667   0.800000  0.727273  10
067    0.875000   0.700000  0.777778  10
068    0.833333   1.000000  0.909091  10
069    0.888889   0.800000  0.842105  10
070    1.000000   1.000000  1.000000  10
071    0.800000   0.800000  0.800000  10
072    0.833333   1.000000  0.909091  10
073    0.909091   1.000000  0.952381  10
074    0.909091   1.000000  0.952381  10
075    1.000000   0.900000  0.947368  10
076    1.000000   0.700000  0.823529  10
077    0.900000   0.900000  0.900000  10
078    1.000000   0.900000  0.947368  10
079    0.900000   0.900000  0.900000  10
080    1.000000   0.800000  0.888889  10
081    0.909091   1.000000  0.952381  10
082    0.909091   1.000000  0.952381  10
083    0.900000   0.900000  0.900000  10
084    1.000000   0.500000  0.666667  10
085    1.000000   1.000000  1.000000  10
086    1.000000   0.900000  0.947368  10
087    0.666667   1.000000  0.800000  10
088    0.692308   0.900000  0.782609  10
089    1.000000   0.900000  0.947368  10
090    1.000000   0.700000  0.823529  10
091    0.909091   1.000000  0.952381  10
092    0.888889   0.800000  0.842105  10
093    0.833333   1.000000  0.909091  10
094    0.600000   0.900000  0.720000  10
095    1.000000   1.000000  1.000000  10
096    1.000000   0.900000  0.947368  10
097    1.000000   0.900000  0.947368  10
098    1.000000   0.800000  0.888889  10
099    1.000000   0.900000  0.947368  10
100    0.818182   0.900000  0.857143  10
101    1.000000   1.000000  1.000000  10
102    1.000000   0.900000  0.947368  10
103    0.777778   0.700000  0.736842  10
104    1.000000   0.700000  0.823529  10
105    1.000000   0.800000  0.888889  10
106    0.800000   0.800000  0.800000  10
107    1.000000   1.000000  1.000000  10
108    1.000000   0.900000  0.947368  10
109    1.000000   0.900000  0.947368  10
110    0.900000   0.900000  0.900000  10
111    1.000000   0.800000  0.888889  10
112    1.000000   1.000000  1.000000  10
113    0.909091   1.000000  0.952381  10
114    0.900000   0.900000  0.900000  10
115    0.800000   0.800000  0.800000  10
116    1.000000   1.000000  1.000000  10
117    1.000000   0.900000  0.947368  10
118    1.000000   0.900000  0.947368  10
119    1.000000   0.600000  0.750000  10
120    1.000000   0.800000  0.888889  10
121    0.727273   0.800000  0.761905  10
122    0.888889   0.800000  0.842105  10
123    0.875000   0.700000  0.777778  10
124    0.909091   1.000000  0.952381  10
125    0.615385   0.800000  0.695652  10
126    1.000000   0.700000  0.823529  10
127    0.888889   0.800000  0.842105  10
128    0.642857   0.900000  0.750000  10
129    1.000000   0.700000  0.823529  10
130    0.777778   0.700000  0.736842  10
131    0.750000   0.600000  0.666667  10
132    1.000000   0.700000  0.823529  10
133    0.800000   0.800000  0.800000  10
134    1.000000   1.000000  1.000000  10
135    0.666667   1.000000  0.800000  10
136    0.818182   0.900000  0.857143  10
137    0.818182   0.900000  0.857143  10
138    0.818182   0.900000  0.857143  10
139    0.444444   0.400000  0.421053  10
140    0.636364   0.700000  0.666667  10
141    0.800000   0.800000  0.800000  10
142    1.000000   0.700000  0.823529  10
143    0.857143   0.600000  0.705882  10
144    0.833333   1.000000  0.909091  10
145    1.000000   1.000000  1.000000  10
146    0.900000   0.900000  0.900000  10
147    0.875000   0.700000  0.777778  10
148    1.000000   1.000000  1.000000  10
149    0.857143   0.600000  0.705882  10
150    0.800000   0.800000  0.800000  10
151    1.000000   1.000000  1.000000  10
152    0.428571   0.900000  0.580645  10
153    1.000000   0.900000  0.947368  10
154    1.000000   0.800000  0.888889  10
155    1.000000   0.400000  0.571429  10
156    1.000000   0.600000  0.750000  10
157    0.454545   0.500000  0.476190  10
158    0.625000   0.500000  0.555556  10
159    0.562500   0.900000  0.692308  10
160    1.000000   0.700000  0.823529  10
161    0.333333   0.300000  0.315789  10
162    0.562500   0.900000  0.692308  10
163    0.833333   1.000000  0.909091  10
164    0.714286   1.000000  0.833333  10
165    0.615385   0.800000  0.695652  10
166    0.750000   0.600000  0.666667  10
167    0.777778   0.700000  0.736842  10
168    0.818182   0.900000  0.857143  10
169    0.473684   0.900000  0.620690  10
170    0.692308   0.900000  0.782609  10
171    0.750000   0.900000  0.818182  10
172    1.000000   0.900000  0.947368  10
173    0.900000   0.900000  0.900000  10
174    1.000000   0.700000  0.823529  10
175    0.615385   0.800000  0.695652  10
176    0.875000   0.700000  0.777778  10
177    0.615385   0.800000  0.695652  10
178    0.777778   0.700000  0.736842  10
179    1.000000   0.800000  0.888889  10
180    0.750000   0.600000  0.666667  10
181    0.666667   1.000000  0.800000  10
182    0.750000   0.600000  0.666667  10
183    0.666667   1.000000  0.800000  10
184    1.000000   0.700000  0.823529  10
185    0.800000   0.800000  0.800000  10
186    1.000000   0.900000  0.947368  10
187    0.545455   0.600000  0.571429  10
188    0.888889   0.800000  0.842105  10
189    0.833333   1.000000  0.909091  10
190    0.642857   0.900000  0.750000  10
191    0.777778   0.700000  0.736842  10
192    0.888889   0.800000  0.842105  10
193    0.538462   0.700000  0.608696  10
194    0.727273   0.800000  0.761905  10
195    0.500000   0.600000  0.545455  10
196    1.000000   0.700000  0.823529  10
197    0.400000   0.600000  0.480000  10
198    0.875000   0.700000  0.777778  10
199    0.800000   0.800000  0.800000  10
200    0.727273   0.800000  0.761905  10
201    1.000000   0.600000  0.750000  10
202    0.750000   0.600000  0.666667  10
203    0.461538   0.600000  0.521739  10
204    0.600000   0.900000  0.720000  10
205    0.818182   0.900000  0.857143  10
206    0.714286   0.500000  0.588235  10
207    0.666667   0.800000  0.727273  10
208    0.875000   0.700000  0.777778  10
209    0.900000   0.900000  0.900000  10
210    0.888889   0.800000  0.842105  10
211    0.909091   1.000000  0.952381  10
212    1.000000   0.400000  0.571429  10
213    0.857143   0.600000  0.705882  10
214    0.615385   0.800000  0.695652  10
215    1.000000   0.900000  0.947368  10
216    0.615385   0.800000  0.695652  10
217    0.857143   0.600000  0.705882  10
218    1.000000   1.000000  1.000000  10
219    1.000000   0.700000  0.823529  10
220    0.750000   0.600000  0.666667  10
221    1.000000   0.800000  0.888889  10
222    0.900000   0.900000  0.900000  10
223    0.900000   0.900000  0.900000  10
224    0.875000   0.700000  0.777778  10
225    0.600000   0.900000  0.720000  10
226    0.900000   0.900000  0.900000  10
227    0.333333   0.400000  0.363636  10
228    0.500000   0.300000  0.375000  10
229    0.769231   1.000000  0.869565  10
230    0.777778   0.700000  0.736842  10
231    0.875000   0.700000  0.777778  10
232    0.625000   0.500000  0.555556  10
233    1.000000   0.500000  0.666667  10
234    0.875000   0.700000  0.777778  10
235    1.000000   0.600000  0.750000  10
236    0.800000   0.800000  0.800000  10
237    1.000000   0.700000  0.823529  10
238    1.000000   1.000000  1.000000  10
239    1.000000   0.600000  0.750000  10
240    1.000000   0.800000  0.888889  10
241    0.875000   0.700000  0.777778  10
242    0.900000   0.900000  0.900000  10
243    1.000000   1.000000  1.000000  10
244    0.642857   0.900000  0.750000  10
245    0.857143   0.600000  0.705882  10
246    0.600000   0.600000  0.600000  10
247    1.000000   0.200000  0.333333  10
248    0.727273   0.800000  0.761905  10
249    0.888889   0.800000  0.842105  10
250    1.000000   0.800000  0.888889  10
251    1.000000   1.000000  1.000000  10
252    1.000000   0.600000  0.750000  10
253    0.857143   0.600000  0.705882  10
254    0.818182   0.900000  0.857143  10
255    1.000000   0.600000  0.750000  10
256    0.444444   0.400000  0.421053  10
257    0.900000   0.900000  0.900000  10
258    0.888889   0.800000  0.842105  10
259    0.700000   0.700000  0.700000  10
260    0.875000   0.700000  0.777778  10
261    1.000000   1.000000  1.000000  10
262    0.909091   1.000000  0.952381  10
263    1.000000   0.900000  0.947368  10
264    0.909091   1.000000  0.952381  10
265    0.714286   0.500000  0.588235  10
266    0.666667   0.800000  0.727273  10
267    0.888889   0.800000  0.842105  10
268    0.692308   0.900000  0.782609  10
269    0.714286   1.000000  0.833333  10
270    0.769231   1.000000  0.869565  10
271    0.625000   0.500000  0.555556  10
272    1.000000   0.800000  0.888889  10
273    1.000000   0.900000  0.947368  10
274    0.900000   0.900000  0.900000  10
275    1.000000   0.900000  0.947368  10
276    0.750000   0.900000  0.818182  10
277    0.875000   0.700000  0.777778  10
278    0.875000   0.700000  0.777778  10
279    0.900000   0.900000  0.900000  10
280    0.900000   0.900000  0.900000  10
281    1.000000   0.900000  0.947368  10
282    1.000000   0.800000  0.888889  10
283    1.000000   0.900000  0.947368  10
284    0.818182   0.900000  0.857143  10
285    0.909091   1.000000  0.952381  10
286    1.000000   0.700000  0.823529  10
287    0.600000   0.900000  0.720000  10
288    0.750000   0.900000  0.818182  10
289    1.000000   0.700000  0.823529  10
290    0.769231   1.000000  0.869565  10
291    0.769231   1.000000  0.869565  10
292    0.909091   1.000000  0.952381  10
293    1.000000   0.800000  0.888889  10
294    0.900000   0.900000  0.900000  10
295    0.769231   1.000000  0.869565  10
296    1.000000   0.700000  0.823529  10
297    0.900000   0.900000  0.900000  10
298    0.818182   0.900000  0.857143  10
299    0.666667   1.000000  0.800000  10
300    0.642857   0.900000  0.750000  10
301    1.000000   1.000000  1.000000  10
302    1.000000   1.000000  1.000000  10
303    0.909091   1.000000  0.952381  10
304    1.000000   1.000000  1.000000  10
305    1.000000   0.800000  0.888889  10
306    0.818182   0.900000  0.857143  10
307    0.909091   1.000000  0.952381  10
308    0.692308   0.900000  0.782609  10
309    0.800000   0.800000  0.800000  10
310    1.000000   0.900000  0.947368  10
311    1.000000   0.800000  0.888889  10
312    0.900000   0.900000  0.900000  10
313    0.800000   0.800000  0.800000  10
314    0.875000   0.700000  0.777778  10
315    0.692308   0.900000  0.782609  10
316    0.714286   1.000000  0.833333  10
317    1.000000   0.900000  0.947368  10
318    0.900000   0.900000  0.900000  10
319    0.900000   0.900000  0.900000  10
320    1.000000   0.900000  0.947368  10
321    1.000000   0.900000  0.947368  10
322    0.571429   0.400000  0.470588  10
323    0.700000   0.700000  0.700000  10
324    0.600000   0.900000  0.720000  10
325    1.000000   0.800000  0.888889  10
326    1.000000   0.900000  0.947368  10
327    0.818182   0.900000  0.857143  10
328    0.555556   1.000000  0.714286  10
329    1.000000   1.000000  1.000000  10
330    0.833333   1.000000  0.909091  10
331    0.750000   0.900000  0.818182  10
332    0.727273   0.800000  0.761905  10
333    0.714286   0.500000  0.588235  10
334    0.888889   0.800000  0.842105  10
335    0.500000   0.500000  0.500000  10
336    0.470588   0.800000  0.592593  10
337    0.777778   0.700000  0.736842  10
338    1.000000   0.700000  0.823529  10
339    0.900000   0.900000  0.900000  10
340    1.000000   1.000000  1.000000  10
341    0.727273   0.800000  0.761905  10
342    0.909091   1.000000  0.952381  10
343    1.000000   0.700000  0.823529  10
344    1.000000   1.000000  1.000000  10
345    0.769231   1.000000  0.869565  10
346    0.833333   0.500000  0.625000  10
347    0.615385   0.800000  0.695652  10
348    0.750000   0.900000  0.818182  10
349    0.727273   0.800000  0.761905  10
350    1.000000   1.000000  1.000000  10
351    1.000000   0.800000  0.888889  10
352    0.900000   0.900000  0.900000  10
353    0.500000   0.700000  0.583333  10
354    0.777778   0.700000  0.736842  10
355    1.000000   0.800000  0.888889  10
356    0.888889   0.800000  0.842105  10
357    0.909091   1.000000  0.952381  10
358    0.666667   1.000000  0.800000  10
359    0.888889   0.800000  0.842105  10
360    1.000000   0.800000  0.888889  10
361    1.000000   0.900000  0.947368  10
362    0.909091   1.000000  0.952381  10
363    0.888889   0.800000  0.842105  10
364    1.000000   0.900000  0.947368  10
365    0.900000   0.900000  0.900000  10
366    0.900000   0.900000  0.900000  10
367    0.777778   0.700000  0.736842  10
368    0.888889   0.800000  0.842105  10
369    0.800000   0.800000  0.800000  10
370    0.909091   1.000000  0.952381  10
371    0.900000   0.900000  0.900000  10
372    0.888889   0.800000  0.842105  10
373    0.818182   0.900000  0.857143  10
374    0.857143   0.600000  0.705882  10
375    0.769231   1.000000  0.869565  10
376    1.000000   0.800000  0.888889  10
377    0.875000   0.700000  0.777778  10
378    1.000000   1.000000  1.000000  10
379    0.833333   1.000000  0.909091  10
380    0.900000   0.900000  0.900000  10
381    1.000000   0.600000  0.750000  10
382    0.833333   1.000000  0.909091  10
383    0.777778   0.700000  0.736842  10
384    1.000000   0.800000  0.888889  10
385    0.571429   0.800000  0.666667  10
386    0.615385   0.800000  0.695652  10
387    0.818182   0.900000  0.857143  10
388    0.625000   0.500000  0.555556  10
389    0.625000   0.500000  0.555556  10
390    0.714286   0.500000  0.588235  10
391    0.900000   0.900000  0.900000  10
392    1.000000   0.700000  0.823529  10
393    0.636364   0.700000  0.666667  10
394    1.000000   0.700000  0.823529  10
395    1.000000   0.900000  0.947368  10
396    0.909091   1.000000  0.952381  10
397    1.000000   1.000000  1.000000  10
398    0.666667   1.000000  0.800000  10
399    0.545455   0.600000  0.571429  10
400    0.900000   0.900000  0.900000  10
401    0.900000   0.900000  0.900000  10
402    0.769231   1.000000  0.869565  10
403    1.000000   0.800000  0.888889  10
404    1.000000   0.900000  0.947368  10
405    0.769231   1.000000  0.869565  10
406    0.714286   1.000000  0.833333  10
407    0.666667   0.800000  0.727273  10
408    0.600000   0.600000  0.600000  10
409    1.000000   0.800000  0.888889  10
410    0.571429   0.400000  0.470588  10
411    0.800000   0.800000  0.800000  10
412    1.000000   0.800000  0.888889  10
413    0.714286   1.000000  0.833333  10
414    0.900000   0.900000  0.900000  10
415    0.875000   0.700000  0.777778  10
416    0.769231   1.000000  0.869565  10
417    1.000000   1.000000  1.000000  10
418    0.909091   1.000000  0.952381  10
419    1.000000   1.000000  1.000000  10
420    0.666667   1.000000  0.800000  10
421    1.000000   0.900000  0.947368  10
422    1.000000   0.600000  0.750000  10
423    0.473684   0.900000  0.620690  10
424    1.000000   1.000000  1.000000  10
425    0.833333   1.000000  0.909091  10
426    0.900000   0.900000  0.900000  10
427    0.888889   0.800000  0.842105  10
428    0.875000   0.700000  0.777778  10
429    0.777778   0.700000  0.736842  10
430    1.000000   0.900000  0.947368  10
431    0.666667   0.800000  0.727273  10
432    0.900000   0.900000  0.900000  10
433    0.888889   0.800000  0.842105  10
434    1.000000   0.900000  0.947368  10
435    1.000000   0.900000  0.947368  10
436    1.000000   0.700000  0.823529  10
437    0.888889   0.800000  0.842105  10
438    0.875000   0.700000  0.777778  10
439    0.777778   0.700000  0.736842  10
440    1.000000   0.900000  0.947368  10
441    0.388889   0.700000  0.500000  10
442    0.333333   0.200000  0.250000  10
443    1.000000   1.000000  1.000000  10
444    0.666667   1.000000  0.800000  10
445    1.000000   0.900000  0.947368  10
446    0.666667   0.600000  0.631579  10
447    1.000000   0.800000  0.888889  10
448    1.000000   0.800000  0.888889  10
449    0.615385   0.800000  0.695652  10
450    1.000000   0.900000  0.947368  10
451    1.000000   0.800000  0.888889  10
452    0.909091   1.000000  0.952381  10
453    0.818182   0.900000  0.857143  10
454    1.000000   0.900000  0.947368  10
455    0.500000   0.300000  0.375000  10
456    0.437500   0.700000  0.538462  10
457    1.000000   1.000000  1.000000  10
458    0.727273   0.800000  0.761905  10
459    0.818182   0.900000  0.857143  10
460    0.888889   0.800000  0.842105  10
461    0.833333   1.000000  0.909091  10
462    0.888889   0.800000  0.842105  10
463    0.562500   0.900000  0.692308  10
464    1.000000   0.800000  0.888889  10
465    0.571429   0.800000  0.666667  10
466    0.571429   0.400000  0.470588  10
467    0.800000   0.400000  0.533333  10
468    0.666667   0.800000  0.727273  10
469    0.533333   0.800000  0.640000  10
470    0.727273   0.800000  0.761905  10
471    0.909091   1.000000  0.952381  10
472    0.600000   0.300000  0.400000  10
473    0.800000   0.800000  0.800000  10
474    1.000000   0.800000  0.888889  10
475    0.700000   0.700000  0.700000  10
476    0.500000   0.800000  0.615385  10
477    0.714286   1.000000  0.833333  10
478    0.875000   0.700000  0.777778  10
479    0.666667   0.800000  0.727273  10
480    0.600000   0.600000  0.600000  10
481    0.571429   0.800000  0.666667  10
482    0.900000   0.900000  0.900000  10
483    1.000000   0.800000  0.888889  10
484    0.818182   0.900000  0.857143  10
485    0.642857   0.900000  0.750000  10
486    1.000000   0.800000  0.888889  10
487    1.000000   0.800000  0.888889  10
488    0.800000   0.800000  0.800000  10
489    1.000000   1.000000  1.000000  10
490    0.533333   0.800000  0.640000  10
491    0.888889   0.800000  0.842105  10
492    0.625000   1.000000  0.769231  10
493    1.000000   0.700000  0.823529  10
494    0.500000   0.500000  0.500000  10
495    0.454545   0.500000  0.476190  10
496    0.583333   0.700000  0.636364  10
497    0.400000   0.200000  0.266667  10
498    0.714286   1.000000  0.833333  10
499    0.900000   0.900000  0.900000  10
