Robustness classification report
model: pmg_cov
degradation: gaussian_blur
severity: 3
num_samples: 5000
num_classes: 500
nll: 6.585435

Overall metrics
top1_accuracy: 0.358400 (35.84%)
top2_accuracy: 0.443600 (44.36%)
top3_accuracy: 0.493200 (49.32%)
top4_accuracy: 0.525200 (52.52%)
top5_accuracy: 0.550200 (55.02%)
macro_precision: 0.570511 (57.05%)
macro_recall: 0.358400 (35.84%)
macro_f1: 0.380476 (38.05%)

Per-class metrics
class  precision  recall  f1_score  support
000    1.000000   0.100000  0.181818  10
001    0.500000   0.200000  0.285714  10
002    0.666667   0.400000  0.500000  10
003    0.333333   0.500000  0.400000  10
004    0.750000   0.600000  0.666667  10
005    0.000000   0.000000  0.000000  10
006    0.666667   0.200000  0.307692  10
007    0.375000   0.600000  0.461538  10
008    0.444444   0.400000  0.421053  10
009    0.800000   0.400000  0.533333  10
010    0.625000   0.500000  0.555556  10
011    1.000000   0.600000  0.750000  10
012    1.000000   0.400000  0.571429  10
013    0.700000   0.700000  0.700000  10
014    0.666667   0.600000  0.631579  10
015    0.571429   0.400000  0.470588  10
016    0.500000   0.500000  0.500000  10
017    0.350000   0.700000  0.466667  10
018    0.777778   0.700000  0.736842  10
019    1.000000   0.300000  0.461538  10
020    1.000000   0.200000  0.333333  10
021    0.857143   0.600000  0.705882  10
022    1.000000   0.100000  0.181818  10
023    1.000000   0.400000  0.571429  10
024    0.625000   1.000000  0.769231  10
025    0.777778   0.700000  0.736842  10
026    0.000000   0.000000  0.000000  10
027    0.000000   0.000000  0.000000  10
028    0.363636   0.400000  0.380952  10
029    1.000000   0.600000  0.750000  10
030    0.500000   0.600000  0.545455  10
031    1.000000   0.300000  0.461538  10
032    1.000000   0.600000  0.750000  10
033    0.285714   0.200000  0.235294  10
034    0.571429   0.400000  0.470588  10
035    0.071429   0.700000  0.129630  10
036    0.444444   0.400000  0.421053  10
037    0.500000   0.400000  0.444444  10
038    0.600000   0.300000  0.400000  10
039    0.400000   0.200000  0.266667  10
040    0.500000   0.100000  0.166667  10
041    1.000000   0.900000  0.947368  10
042    0.666667   0.600000  0.631579  10
043    0.875000   0.700000  0.777778  10
044    0.428571   0.600000  0.500000  10
045    1.000000   0.900000  0.947368  10
046    0.666667   0.600000  0.631579  10
047    0.875000   0.700000  0.777778  10
048    1.000000   0.100000  0.181818  10
049    1.000000   0.200000  0.333333  10
050    0.857143   0.600000  0.705882  10
051    0.857143   0.600000  0.705882  10
052    1.000000   0.100000  0.181818  10
053    1.000000   0.100000  0.181818  10
054    1.000000   0.600000  0.750000  10
055    0.571429   0.400000  0.470588  10
056    1.000000   0.200000  0.333333  10
057    0.666667   0.400000  0.500000  10
058    1.000000   0.700000  0.823529  10
059    0.600000   0.600000  0.600000  10
060    0.296296   0.800000  0.432432  10
061    0.700000   0.700000  0.700000  10
062    0.900000   0.900000  0.900000  10
063    0.666667   0.200000  0.307692  10
064    0.600000   0.300000  0.400000  10
065    0.363636   0.400000  0.380952  10
066    1.000000   0.300000  0.461538  10
067    0.000000   0.000000  0.000000  10
068    0.363636   0.800000  0.500000  10
069    0.750000   0.300000  0.428571  10
070    0.727273   0.800000  0.761905  10
071    0.375000   0.300000  0.333333  10
072    0.172414   0.500000  0.256410  10
073    0.571429   0.400000  0.470588  10
074    1.000000   0.100000  0.181818  10
075    0.800000   0.400000  0.533333  10
076    0.500000   0.500000  0.500000  10
077    0.000000   0.000000  0.000000  10
078    0.333333   0.200000  0.250000  10
079    1.000000   0.300000  0.461538  10
080    1.000000   0.100000  0.181818  10
081    1.000000   0.200000  0.333333  10
082    0.400000   0.400000  0.400000  10
083    0.800000   0.400000  0.533333  10
084    0.500000   0.200000  0.285714  10
085    1.000000   1.000000  1.000000  10
086    0.800000   0.400000  0.533333  10
087    0.428571   0.300000  0.352941  10
088    0.133333   0.400000  0.200000  10
089    0.714286   0.500000  0.588235  10
090    0.333333   0.200000  0.250000  10
091    1.000000   0.800000  0.888889  10
092    0.500000   0.600000  0.545455  10
093    0.272727   0.900000  0.418605  10
094    0.200000   0.200000  0.200000  10
095    0.857143   0.600000  0.705882  10
096    0.727273   0.800000  0.761905  10
097    1.000000   0.400000  0.571429  10
098    1.000000   0.300000  0.461538  10
099    0.500000   0.500000  0.500000  10
100    0.400000   0.200000  0.266667  10
101    1.000000   0.700000  0.823529  10
102    0.750000   0.600000  0.666667  10
103    0.000000   0.000000  0.000000  10
104    1.000000   0.400000  0.571429  10
105    1.000000   0.300000  0.461538  10
106    0.666667   0.600000  0.631579  10
107    0.416667   0.500000  0.454545  10
108    1.000000   0.600000  0.750000  10
109    0.583333   0.700000  0.636364  10
110    1.000000   0.300000  0.461538  10
111    1.000000   0.200000  0.333333  10
112    0.600000   0.900000  0.720000  10
113    0.857143   0.600000  0.705882  10
114    0.666667   0.600000  0.631579  10
115    1.000000   0.500000  0.666667  10
116    1.000000   0.900000  0.947368  10
117    0.857143   0.600000  0.705882  10
118    0.777778   0.700000  0.736842  10
119    1.000000   0.300000  0.461538  10
120    0.875000   0.700000  0.777778  10
121    0.666667   0.200000  0.307692  10
122    1.000000   0.200000  0.333333  10
123    0.000000   0.000000  0.000000  10
124    0.272727   0.600000  0.375000  10
125    0.088889   0.400000  0.145455  10
126    1.000000   0.100000  0.181818  10
127    1.000000   0.100000  0.181818  10
128    0.000000   0.000000  0.000000  10
129    1.000000   0.200000  0.333333  10
130    1.000000   0.100000  0.181818  10
131    0.000000   0.000000  0.000000  10
132    1.000000   0.300000  0.461538  10
133    0.000000   0.000000  0.000000  10
134    1.000000   0.400000  0.571429  10
135    0.750000   0.300000  0.428571  10
136    1.000000   0.200000  0.333333  10
137    0.263158   0.500000  0.344828  10
138    0.454545   0.500000  0.476190  10
139    0.571429   0.400000  0.470588  10
140    0.500000   0.100000  0.166667  10
141    1.000000   0.300000  0.461538  10
142    1.000000   0.300000  0.461538  10
143    0.666667   0.200000  0.307692  10
144    1.000000   0.200000  0.333333  10
145    0.500000   0.300000  0.375000  10
146    0.437500   0.700000  0.538462  10
147    0.000000   0.000000  0.000000  10
148    0.750000   0.300000  0.428571  10
149    0.875000   0.700000  0.777778  10
150    0.500000   0.100000  0.166667  10
151    0.714286   0.500000  0.588235  10
152    0.100000   0.300000  0.150000  10
153    0.200000   0.300000  0.240000  10
154    0.800000   0.400000  0.533333  10
155    0.500000   0.100000  0.166667  10
156    1.000000   0.200000  0.333333  10
157    0.000000   0.000000  0.000000  10
158    0.000000   0.000000  0.000000  10
159    0.137931   0.800000  0.235294  10
160    0.000000   0.000000  0.000000  10
161    0.125000   0.100000  0.111111  10
162    0.333333   0.600000  0.428571  10
163    0.833333   0.500000  0.625000  10
164    0.300000   0.600000  0.400000  10
165    0.111111   0.300000  0.162162  10
166    0.133333   0.200000  0.160000  10
167    1.000000   0.500000  0.666667  10
168    1.000000   0.500000  0.666667  10
169    1.000000   0.100000  0.181818  10
170    0.242424   0.800000  0.372093  10
171    1.000000   0.100000  0.181818  10
172    0.857143   0.600000  0.705882  10
173    0.375000   0.300000  0.333333  10
174    1.000000   0.200000  0.333333  10
175    0.571429   0.400000  0.470588  10
176    0.600000   0.300000  0.400000  10
177    0.363636   0.400000  0.380952  10
178    0.193548   0.600000  0.292683  10
179    0.500000   0.100000  0.166667  10
180    1.000000   0.100000  0.181818  10
181    0.368421   0.700000  0.482759  10
182    1.000000   0.300000  0.461538  10
183    0.800000   0.400000  0.533333  10
184    1.000000   0.400000  0.571429  10
185    0.416667   0.500000  0.454545  10
186    0.437500   0.700000  0.538462  10
187    0.250000   0.300000  0.272727  10
188    0.109091   0.600000  0.184615  10
189    1.000000   0.800000  0.888889  10
190    0.072289   0.600000  0.129032  10
191    0.444444   0.400000  0.421053  10
192    1.000000   0.700000  0.823529  10
193    1.000000   0.100000  0.181818  10
194    0.019802   0.400000  0.037736  10
195    0.222222   0.800000  0.347826  10
196    1.000000   0.300000  0.461538  10
197    0.500000   0.400000  0.444444  10
198    0.333333   0.300000  0.315789  10
199    1.000000   0.100000  0.181818  10
200    0.615385   0.800000  0.695652  10
201    0.312500   0.500000  0.384615  10
202    0.357143   0.500000  0.416667  10
203    0.051282   0.400000  0.090909  10
204    0.500000   0.300000  0.375000  10
205    1.000000   0.700000  0.823529  10
206    0.666667   0.200000  0.307692  10
207    0.666667   0.600000  0.631579  10
208    0.833333   0.500000  0.625000  10
209    1.000000   0.100000  0.181818  10
210    1.000000   0.400000  0.571429  10
211    0.466667   0.700000  0.560000  10
212    0.750000   0.300000  0.428571  10
213    0.400000   0.200000  0.266667  10
214    1.000000   0.400000  0.571429  10
215    0.176471   0.300000  0.222222  10
216    0.111111   0.100000  0.105263  10
217    0.500000   0.100000  0.166667  10
218    0.500000   0.400000  0.444444  10
219    0.571429   0.400000  0.470588  10
220    0.263158   0.500000  0.344828  10
221    1.000000   0.200000  0.333333  10
222    0.375000   0.300000  0.333333  10
223    0.636364   0.700000  0.666667  10
224    1.000000   0.300000  0.461538  10
225    0.012251   0.800000  0.024133  10
226    0.625000   0.500000  0.555556  10
227    0.111111   0.200000  0.142857  10
228    0.107143   0.300000  0.157895  10
229    0.454545   0.500000  0.476190  10
230    0.400000   0.200000  0.266667  10
231    0.555556   0.500000  0.526316  10
232    0.666667   0.200000  0.307692  10
233    0.428571   0.300000  0.352941  10
234    0.250000   0.100000  0.142857  10
235    0.428571   0.300000  0.352941  10
236    0.222222   0.200000  0.210526  10
237    1.000000   0.100000  0.181818  10
238    1.000000   0.400000  0.571429  10
239    1.000000   0.200000  0.333333  10
240    1.000000   0.300000  0.461538  10
241    0.120000   0.300000  0.171429  10
242    1.000000   0.400000  0.571429  10
243    0.909091   1.000000  0.952381  10
244    0.250000   0.100000  0.142857  10
245    1.000000   0.300000  0.461538  10
246    0.105263   0.200000  0.137931  10
247    0.035714   0.100000  0.052632  10
248    0.666667   0.200000  0.307692  10
249    0.500000   0.100000  0.166667  10
250    0.714286   0.500000  0.588235  10
251    1.000000   0.300000  0.461538  10
252    0.333333   0.200000  0.250000  10
253    0.166667   0.200000  0.181818  10
254    1.000000   0.500000  0.666667  10
255    0.333333   0.300000  0.315789  10
256    0.250000   0.100000  0.142857  10
257    1.000000   0.300000  0.461538  10
258    0.000000   0.000000  0.000000  10
259    0.400000   0.200000  0.266667  10
260    1.000000   0.100000  0.181818  10
261    0.357143   0.500000  0.416667  10
262    0.500000   0.300000  0.375000  10
263    1.000000   0.100000  0.181818  10
264    0.615385   0.800000  0.695652  10
265    0.000000   0.000000  0.000000  10
266    0.142857   0.200000  0.166667  10
267    1.000000   0.400000  0.571429  10
268    1.000000   0.300000  0.461538  10
269    0.125000   0.100000  0.111111  10
270    0.000000   0.000000  0.000000  10
271    0.227273   0.500000  0.312500  10
272    1.000000   0.600000  0.750000  10
273    1.000000   0.200000  0.333333  10
274    0.500000   0.200000  0.285714  10
275    1.000000   0.200000  0.333333  10
276    1.000000   0.300000  0.461538  10
277    0.545455   0.600000  0.571429  10
278    0.200000   0.100000  0.133333  10
279    1.000000   0.600000  0.750000  10
280    1.000000   0.100000  0.181818  10
281    0.600000   0.300000  0.400000  10
282    0.500000   0.300000  0.375000  10
283    1.000000   0.200000  0.333333  10
284    0.875000   0.700000  0.777778  10
285    0.388889   0.700000  0.500000  10
286    0.444444   0.400000  0.421053  10
287    0.333333   0.100000  0.153846  10
288    0.857143   0.600000  0.705882  10
289    1.000000   0.100000  0.181818  10
290    0.368421   0.700000  0.482759  10
291    0.875000   0.700000  0.777778  10
292    0.750000   0.600000  0.666667  10
293    0.545455   0.600000  0.571429  10
294    0.142857   0.100000  0.117647  10
295    0.600000   0.300000  0.400000  10
296    0.461538   0.600000  0.521739  10
297    0.600000   0.300000  0.400000  10
298    0.857143   0.600000  0.705882  10
299    0.777778   0.700000  0.736842  10
300    0.642857   0.900000  0.750000  10
301    0.625000   1.000000  0.769231  10
302    0.666667   0.600000  0.631579  10
303    0.200000   0.400000  0.266667  10
304    1.000000   0.400000  0.571429  10
305    0.000000   0.000000  0.000000  10
306    0.138889   0.500000  0.217391  10
307    0.857143   0.600000  0.705882  10
308    1.000000   0.100000  0.181818  10
309    0.363636   0.400000  0.380952  10
310    1.000000   0.400000  0.571429  10
311    0.750000   0.300000  0.428571  10
312    0.833333   0.500000  0.625000  10
313    0.000000   0.000000  0.000000  10
314    0.500000   0.100000  0.166667  10
315    0.000000   0.000000  0.000000  10
316    0.391304   0.900000  0.545455  10
317    0.000000   0.000000  0.000000  10
318    1.000000   0.400000  0.571429  10
319    1.000000   0.600000  0.750000  10
320    1.000000   0.600000  0.750000  10
321    0.600000   0.300000  0.400000  10
322    0.000000   0.000000  0.000000  10
323    1.000000   0.100000  0.181818  10
324    0.666667   0.200000  0.307692  10
325    0.500000   0.100000  0.166667  10
326    1.000000   0.100000  0.181818  10
327    0.571429   0.400000  0.470588  10
328    1.000000   0.300000  0.461538  10
329    0.857143   0.600000  0.705882  10
330    0.454545   0.500000  0.476190  10
331    0.833333   0.500000  0.625000  10
332    0.666667   0.200000  0.307692  10
333    0.000000   0.000000  0.000000  10
334    0.750000   0.300000  0.428571  10
335    0.333333   0.100000  0.153846  10
336    0.000000   0.000000  0.000000  10
337    0.000000   0.000000  0.000000  10
338    0.600000   0.300000  0.400000  10
339    0.500000   0.400000  0.444444  10
340    0.800000   0.400000  0.533333  10
341    0.142857   0.400000  0.210526  10
342    0.411765   0.700000  0.518519  10
343    1.000000   0.400000  0.571429  10
344    0.750000   0.600000  0.666667  10
345    0.263158   1.000000  0.416667  10
346    0.222222   0.200000  0.210526  10
347    0.800000   0.400000  0.533333  10
348    0.700000   0.700000  0.700000  10
349    0.277778   0.500000  0.357143  10
350    0.500000   0.800000  0.615385  10
351    1.000000   0.200000  0.333333  10
352    1.000000   0.400000  0.571429  10
353    1.000000   0.300000  0.461538  10
354    0.384615   0.500000  0.434783  10
355    0.142857   0.100000  0.117647  10
356    0.666667   0.400000  0.500000  10
357    0.000000   0.000000  0.000000  10
358    1.000000   0.200000  0.333333  10
359    0.000000   0.000000  0.000000  10
360    0.500000   0.500000  0.500000  10
361    0.269231   0.700000  0.388889  10
362    0.700000   0.700000  0.700000  10
363    0.500000   0.300000  0.375000  10
364    0.615385   0.800000  0.695652  10
365    1.000000   0.400000  0.571429  10
366    0.416667   0.500000  0.454545  10
367    0.000000   0.000000  0.000000  10
368    0.230769   0.300000  0.260870  10
369    0.666667   0.600000  0.631579  10
370    0.800000   0.400000  0.533333  10
371    0.428571   0.300000  0.352941  10
372    0.333333   0.100000  0.153846  10
373    0.000000   0.000000  0.000000  10
374    1.000000   0.100000  0.181818  10
375    0.000000   0.000000  0.000000  10
376    1.000000   0.100000  0.181818  10
377    0.250000   0.100000  0.142857  10
378    0.444444   0.800000  0.571429  10
379    0.000000   0.000000  0.000000  10
380    1.000000   0.100000  0.181818  10
381    0.000000   0.000000  0.000000  10
382    0.428571   0.300000  0.352941  10
383    0.500000   0.100000  0.166667  10
384    0.307692   0.800000  0.444444  10
385    0.352941   0.600000  0.444444  10
386    0.147059   0.500000  0.227273  10
387    0.142857   0.100000  0.117647  10
388    0.100000   0.100000  0.100000  10
389    0.500000   0.100000  0.166667  10
390    1.000000   0.200000  0.333333  10
391    0.181818   0.200000  0.190476  10
392    0.000000   0.000000  0.000000  10
393    0.375000   0.300000  0.333333  10
394    0.000000   0.000000  0.000000  10
395    0.500000   0.400000  0.444444  10
396    1.000000   0.300000  0.461538  10
397    0.625000   1.000000  0.769231  10
398    0.500000   0.400000  0.444444  10
399    1.000000   0.100000  0.181818  10
400    0.400000   0.200000  0.266667  10
401    0.615385   0.800000  0.695652  10
402    0.700000   0.700000  0.700000  10
403    0.875000   0.700000  0.777778  10
404    1.000000   0.200000  0.333333  10
405    0.777778   0.700000  0.736842  10
406    1.000000   0.300000  0.461538  10
407    0.000000   0.000000  0.000000  10
408    0.000000   0.000000  0.000000  10
409    0.583333   0.700000  0.636364  10
410    0.000000   0.000000  0.000000  10
411    1.000000   0.300000  0.461538  10
412    0.200000   0.100000  0.133333  10
413    0.210526   0.800000  0.333333  10
414    0.111111   0.100000  0.105263  10
415    1.000000   0.100000  0.181818  10
416    0.529412   0.900000  0.666667  10
417    0.235294   0.400000  0.296296  10
418    0.000000   0.000000  0.000000  10
419    1.000000   0.300000  0.461538  10
420    0.750000   0.300000  0.428571  10
421    0.000000   0.000000  0.000000  10
422    0.315789   0.600000  0.413793  10
423    0.093750   0.300000  0.142857  10
424    1.000000   0.700000  0.823529  10
425    1.000000   0.500000  0.666667  10
426    0.666667   0.200000  0.307692  10
427    0.727273   0.800000  0.761905  10
428    0.275862   0.800000  0.410256  10
429    1.000000   0.100000  0.181818  10
430    0.350000   0.700000  0.466667  10
431    0.166667   0.100000  0.125000  10
432    0.500000   0.400000  0.444444  10
433    0.375000   0.300000  0.333333  10
434    1.000000   0.600000  0.750000  10
435    0.333333   0.200000  0.250000  10
436    0.000000   0.000000  0.000000  10
437    1.000000   0.200000  0.333333  10
438    0.666667   0.200000  0.307692  10
439    0.400000   0.200000  0.266667  10
440    1.000000   0.300000  0.461538  10
441    0.000000   0.000000  0.000000  10
442    0.000000   0.000000  0.000000  10
443    0.888889   0.800000  0.842105  10
444    0.091954   0.800000  0.164948  10
445    0.888889   0.800000  0.842105  10
446    0.000000   0.000000  0.000000  10
447    0.888889   0.800000  0.842105  10
448    0.750000   0.300000  0.428571  10
449    0.142857   0.100000  0.117647  10
450    0.800000   0.800000  0.800000  10
451    0.333333   0.300000  0.315789  10
452    1.000000   0.300000  0.461538  10
453    1.000000   0.100000  0.181818  10
454    0.500000   0.200000  0.285714  10
455    0.000000   0.000000  0.000000  10
456    0.555556   0.500000  0.526316  10
457    0.833333   0.500000  0.625000  10
458    0.666667   0.200000  0.307692  10
459    1.000000   0.300000  0.461538  10
460    1.000000   0.200000  0.333333  10
461    1.000000   0.500000  0.666667  10
462    1.000000   0.100000  0.181818  10
463    0.120000   0.300000  0.171429  10
464    0.800000   0.400000  0.533333  10
465    0.000000   0.000000  0.000000  10
466    1.000000   0.100000  0.181818  10
467    1.000000   0.100000  0.181818  10
468    0.285714   0.400000  0.333333  10
469    0.068966   0.600000  0.123711  10
470    0.000000   0.000000  0.000000  10
471    0.000000   0.000000  0.000000  10
472    0.000000   0.000000  0.000000  10
473    0.571429   0.400000  0.470588  10
474    0.000000   0.000000  0.000000  10
475    0.333333   0.100000  0.153846  10
476    0.333333   0.200000  0.250000  10
477    1.000000   0.200000  0.333333  10
478    0.750000   0.600000  0.666667  10
479    0.000000   0.000000  0.000000  10
480    0.000000   0.000000  0.000000  10
481    0.000000   0.000000  0.000000  10
482    0.400000   0.600000  0.480000  10
483    0.500000   0.100000  0.166667  10
484    0.000000   0.000000  0.000000  10
485    0.714286   0.500000  0.588235  10
486    1.000000   0.200000  0.333333  10
487    0.857143   0.600000  0.705882  10
488    0.000000   0.000000  0.000000  10
489    1.000000   0.400000  0.571429  10
490    0.000000   0.000000  0.000000  10
491    0.000000   0.000000  0.000000  10
492    0.333333   0.100000  0.153846  10
493    1.000000   0.100000  0.181818  10
494    0.333333   0.300000  0.315789  10
495    0.200000   0.200000  0.200000  10
496    0.000000   0.000000  0.000000  10
497    0.000000   0.000000  0.000000  10
498    1.000000   0.100000  0.181818  10
499    1.000000   0.200000  0.333333  10
