Robustness classification report
model: pmg_cov
degradation: motion_blur
severity: 2
num_samples: 5000
num_classes: 500
nll: 2.071076

Overall metrics
top1_accuracy: 0.779800 (77.98%)
top2_accuracy: 0.850600 (85.06%)
top3_accuracy: 0.881800 (88.18%)
top4_accuracy: 0.899600 (89.96%)
top5_accuracy: 0.908400 (90.84%)
macro_precision: 0.813507 (81.35%)
macro_recall: 0.779800 (77.98%)
macro_f1: 0.782009 (78.20%)

Per-class metrics
class  precision  recall  f1_score  support
000    1.000000   0.900000  0.947368  10
001    1.000000   0.600000  0.750000  10
002    0.875000   0.700000  0.777778  10
003    1.000000   0.600000  0.750000  10
004    0.800000   0.800000  0.800000  10
005    0.875000   0.700000  0.777778  10
006    0.769231   1.000000  0.869565  10
007    1.000000   0.800000  0.888889  10
008    0.545455   0.600000  0.571429  10
009    0.909091   1.000000  0.952381  10
010    1.000000   1.000000  1.000000  10
011    0.888889   0.800000  0.842105  10
012    1.000000   0.800000  0.888889  10
013    1.000000   0.900000  0.947368  10
014    0.888889   0.800000  0.842105  10
015    1.000000   1.000000  1.000000  10
016    0.875000   0.700000  0.777778  10
017    0.900000   0.900000  0.900000  10
018    0.909091   1.000000  0.952381  10
019    1.000000   0.800000  0.888889  10
020    1.000000   0.800000  0.888889  10
021    1.000000   0.900000  0.947368  10
022    1.000000   0.600000  0.750000  10
023    0.800000   0.800000  0.800000  10
024    0.833333   1.000000  0.909091  10
025    0.909091   1.000000  0.952381  10
026    0.777778   0.700000  0.736842  10
027    1.000000   0.600000  0.750000  10
028    1.000000   0.600000  0.750000  10
029    1.000000   1.000000  1.000000  10
030    0.727273   0.800000  0.761905  10
031    0.750000   0.600000  0.666667  10
032    1.000000   0.800000  0.888889  10
033    0.875000   0.700000  0.777778  10
034    0.777778   0.700000  0.736842  10
035    0.529412   0.900000  0.666667  10
036    0.888889   0.800000  0.842105  10
037    0.888889   0.800000  0.842105  10
038    0.714286   0.500000  0.588235  10
039    1.000000   0.500000  0.666667  10
040    0.875000   0.700000  0.777778  10
041    1.000000   1.000000  1.000000  10
042    1.000000   0.600000  0.750000  10
043    1.000000   0.900000  0.947368  10
044    0.750000   0.900000  0.818182  10
045    0.833333   1.000000  0.909091  10
046    1.000000   0.900000  0.947368  10
047    1.000000   0.700000  0.823529  10
048    1.000000   0.900000  0.947368  10
049    0.777778   0.700000  0.736842  10
050    1.000000   1.000000  1.000000  10
051    0.800000   0.800000  0.800000  10
052    1.000000   0.600000  0.750000  10
053    0.888889   0.800000  0.842105  10
054    1.000000   0.800000  0.888889  10
055    0.666667   0.800000  0.727273  10
056    0.875000   0.700000  0.777778  10
057    0.727273   0.800000  0.761905  10
058    1.000000   1.000000  1.000000  10
059    0.888889   0.800000  0.842105  10
060    0.692308   0.900000  0.782609  10
061    0.909091   1.000000  0.952381  10
062    1.000000   1.000000  1.000000  10
063    0.909091   1.000000  0.952381  10
064    1.000000   0.700000  0.823529  10
065    0.777778   0.700000  0.736842  10
066    0.888889   0.800000  0.842105  10
067    0.875000   0.700000  0.777778  10
068    0.900000   0.900000  0.900000  10
069    0.800000   0.800000  0.800000  10
070    0.833333   1.000000  0.909091  10
071    0.750000   0.900000  0.818182  10
072    0.800000   0.800000  0.800000  10
073    1.000000   1.000000  1.000000  10
074    0.818182   0.900000  0.857143  10
075    0.900000   0.900000  0.900000  10
076    1.000000   0.700000  0.823529  10
077    0.818182   0.900000  0.857143  10
078    0.818182   0.900000  0.857143  10
079    0.888889   0.800000  0.842105  10
080    1.000000   0.700000  0.823529  10
081    0.888889   0.800000  0.842105  10
082    0.833333   1.000000  0.909091  10
083    0.769231   1.000000  0.869565  10
084    0.800000   0.400000  0.533333  10
085    1.000000   1.000000  1.000000  10
086    1.000000   0.900000  0.947368  10
087    0.750000   0.900000  0.818182  10
088    0.346154   0.900000  0.500000  10
089    1.000000   0.900000  0.947368  10
090    1.000000   0.700000  0.823529  10
091    1.000000   1.000000  1.000000  10
092    1.000000   0.800000  0.888889  10
093    0.833333   1.000000  0.909091  10
094    0.444444   0.400000  0.421053  10
095    0.833333   1.000000  0.909091  10
096    1.000000   0.900000  0.947368  10
097    1.000000   0.700000  0.823529  10
098    0.900000   0.900000  0.900000  10
099    1.000000   0.900000  0.947368  10
100    1.000000   0.900000  0.947368  10
101    1.000000   0.900000  0.947368  10
102    0.900000   0.900000  0.900000  10
103    0.875000   0.700000  0.777778  10
104    1.000000   0.600000  0.750000  10
105    1.000000   0.700000  0.823529  10
106    0.666667   0.800000  0.727273  10
107    0.888889   0.800000  0.842105  10
108    1.000000   0.900000  0.947368  10
109    0.900000   0.900000  0.900000  10
110    0.888889   0.800000  0.842105  10
111    1.000000   0.700000  0.823529  10
112    0.900000   0.900000  0.900000  10
113    1.000000   0.900000  0.947368  10
114    0.900000   0.900000  0.900000  10
115    0.818182   0.900000  0.857143  10
116    1.000000   1.000000  1.000000  10
117    1.000000   1.000000  1.000000  10
118    0.833333   1.000000  0.909091  10
119    1.000000   0.700000  0.823529  10
120    0.900000   0.900000  0.900000  10
121    0.461538   0.600000  0.521739  10
122    1.000000   0.400000  0.571429  10
123    0.875000   0.700000  0.777778  10
124    0.833333   1.000000  0.909091  10
125    0.583333   0.700000  0.636364  10
126    1.000000   0.600000  0.750000  10
127    0.800000   0.400000  0.533333  10
128    0.875000   0.700000  0.777778  10
129    0.750000   0.600000  0.666667  10
130    0.545455   0.600000  0.571429  10
131    0.454545   0.500000  0.476190  10
132    0.875000   0.700000  0.777778  10
133    0.727273   0.800000  0.761905  10
134    0.900000   0.900000  0.900000  10
135    0.900000   0.900000  0.900000  10
136    0.700000   0.700000  0.700000  10
137    0.500000   0.800000  0.615385  10
138    0.692308   0.900000  0.782609  10
139    0.500000   0.600000  0.545455  10
140    0.666667   0.600000  0.631579  10
141    1.000000   0.700000  0.823529  10
142    1.000000   0.800000  0.888889  10
143    0.857143   0.600000  0.705882  10
144    0.454545   1.000000  0.625000  10
145    0.875000   0.700000  0.777778  10
146    0.818182   0.900000  0.857143  10
147    0.750000   0.600000  0.666667  10
148    1.000000   1.000000  1.000000  10
149    1.000000   0.900000  0.947368  10
150    0.545455   0.600000  0.571429  10
151    1.000000   1.000000  1.000000  10
152    0.615385   0.800000  0.695652  10
153    1.000000   0.800000  0.888889  10
154    0.750000   0.600000  0.666667  10
155    0.500000   0.300000  0.375000  10
156    0.700000   0.700000  0.700000  10
157    0.750000   0.600000  0.666667  10
158    0.800000   0.400000  0.533333  10
159    0.642857   0.900000  0.750000  10
160    0.875000   0.700000  0.777778  10
161    0.416667   0.500000  0.454545  10
162    0.562500   0.900000  0.692308  10
163    0.909091   1.000000  0.952381  10
164    0.727273   0.800000  0.761905  10
165    0.571429   0.400000  0.470588  10
166    0.583333   0.700000  0.636364  10
167    0.888889   0.800000  0.842105  10
168    0.900000   0.900000  0.900000  10
169    0.470588   0.800000  0.592593  10
170    0.625000   1.000000  0.769231  10
171    0.833333   1.000000  0.909091  10
172    0.900000   0.900000  0.900000  10
173    0.888889   0.800000  0.842105  10
174    1.000000   0.800000  0.888889  10
175    0.888889   0.800000  0.842105  10
176    0.888889   0.800000  0.842105  10
177    0.888889   0.800000  0.842105  10
178    0.727273   0.800000  0.761905  10
179    1.000000   0.800000  0.888889  10
180    1.000000   0.400000  0.571429  10
181    0.583333   0.700000  0.636364  10
182    0.666667   0.600000  0.631579  10
183    0.900000   0.900000  0.900000  10
184    1.000000   0.700000  0.823529  10
185    0.888889   0.800000  0.842105  10
186    0.666667   0.800000  0.727273  10
187    0.461538   0.600000  0.521739  10
188    0.666667   0.800000  0.727273  10
189    1.000000   1.000000  1.000000  10
190    0.692308   0.900000  0.782609  10
191    0.777778   0.700000  0.736842  10
192    0.888889   0.800000  0.842105  10
193    0.454545   0.500000  0.476190  10
194    0.727273   0.800000  0.761905  10
195    0.545455   0.600000  0.571429  10
196    0.900000   0.900000  0.900000  10
197    0.500000   0.500000  0.500000  10
198    0.666667   0.600000  0.631579  10
199    0.888889   0.800000  0.842105  10
200    0.727273   0.800000  0.761905  10
201    1.000000   0.700000  0.823529  10
202    0.416667   0.500000  0.454545  10
203    0.400000   0.600000  0.480000  10
204    0.727273   0.800000  0.761905  10
205    0.818182   0.900000  0.857143  10
206    0.833333   0.500000  0.625000  10
207    0.750000   0.900000  0.818182  10
208    1.000000   0.800000  0.888889  10
209    0.888889   0.800000  0.842105  10
210    1.000000   0.900000  0.947368  10
211    0.900000   0.900000  0.900000  10
212    0.857143   0.600000  0.705882  10
213    1.000000   0.500000  0.666667  10
214    0.818182   0.900000  0.857143  10
215    0.888889   0.800000  0.842105  10
216    1.000000   0.800000  0.888889  10
217    1.000000   0.600000  0.750000  10
218    0.769231   1.000000  0.869565  10
219    0.777778   0.700000  0.736842  10
220    0.875000   0.700000  0.777778  10
221    1.000000   0.700000  0.823529  10
222    0.900000   0.900000  0.900000  10
223    1.000000   0.900000  0.947368  10
224    0.777778   0.700000  0.736842  10
225    0.600000   0.900000  0.720000  10
226    0.833333   1.000000  0.909091  10
227    0.444444   0.400000  0.421053  10
228    0.571429   0.400000  0.470588  10
229    0.666667   1.000000  0.800000  10
230    0.727273   0.800000  0.761905  10
231    1.000000   0.700000  0.823529  10
232    0.700000   0.700000  0.700000  10
233    1.000000   0.300000  0.461538  10
234    0.857143   0.600000  0.705882  10
235    0.888889   0.800000  0.842105  10
236    1.000000   0.800000  0.888889  10
237    1.000000   0.500000  0.666667  10
238    0.909091   1.000000  0.952381  10
239    0.875000   0.700000  0.777778  10
240    0.888889   0.800000  0.842105  10
241    0.750000   0.600000  0.666667  10
242    0.800000   0.800000  0.800000  10
243    0.909091   1.000000  0.952381  10
244    0.636364   0.700000  0.666667  10
245    0.666667   0.600000  0.631579  10
246    0.545455   0.600000  0.571429  10
247    0.500000   0.400000  0.444444  10
248    0.800000   0.800000  0.800000  10
249    0.727273   0.800000  0.761905  10
250    0.666667   0.800000  0.727273  10
251    1.000000   1.000000  1.000000  10
252    1.000000   0.700000  0.823529  10
253    0.875000   0.700000  0.777778  10
254    0.909091   1.000000  0.952381  10
255    1.000000   0.600000  0.750000  10
256    0.571429   0.400000  0.470588  10
257    0.473684   0.900000  0.620690  10
258    0.800000   0.800000  0.800000  10
259    0.470588   0.800000  0.592593  10
260    0.800000   0.800000  0.800000  10
261    0.769231   1.000000  0.869565  10
262    1.000000   1.000000  1.000000  10
263    0.900000   0.900000  0.900000  10
264    0.909091   1.000000  0.952381  10
265    0.777778   0.700000  0.736842  10
266    0.600000   0.600000  0.600000  10
267    0.800000   0.800000  0.800000  10
268    1.000000   0.800000  0.888889  10
269    0.769231   1.000000  0.869565  10
270    0.750000   0.900000  0.818182  10
271    0.692308   0.900000  0.782609  10
272    1.000000   0.800000  0.888889  10
273    1.000000   0.800000  0.888889  10
274    1.000000   0.800000  0.888889  10
275    1.000000   0.700000  0.823529  10
276    0.727273   0.800000  0.761905  10
277    0.750000   0.900000  0.818182  10
278    0.666667   0.800000  0.727273  10
279    0.909091   1.000000  0.952381  10
280    1.000000   0.900000  0.947368  10
281    1.000000   0.400000  0.571429  10
282    1.000000   0.600000  0.750000  10
283    1.000000   0.900000  0.947368  10
284    0.818182   0.900000  0.857143  10
285    0.900000   0.900000  0.900000  10
286    0.857143   0.600000  0.705882  10
287    0.857143   0.600000  0.705882  10
288    0.692308   0.900000  0.782609  10
289    1.000000   0.900000  0.947368  10
290    0.666667   0.800000  0.727273  10
291    1.000000   1.000000  1.000000  10
292    0.888889   0.800000  0.842105  10
293    1.000000   0.900000  0.947368  10
294    0.692308   0.900000  0.782609  10
295    0.900000   0.900000  0.900000  10
296    0.818182   0.900000  0.857143  10
297    1.000000   0.800000  0.888889  10
298    1.000000   0.900000  0.947368  10
299    0.454545   1.000000  0.625000  10
300    0.818182   0.900000  0.857143  10
301    1.000000   1.000000  1.000000  10
302    0.909091   1.000000  0.952381  10
303    0.769231   1.000000  0.869565  10
304    0.909091   1.000000  0.952381  10
305    1.000000   0.700000  0.823529  10
306    0.769231   1.000000  0.869565  10
307    0.909091   1.000000  0.952381  10
308    0.391304   0.900000  0.545455  10
309    0.562500   0.900000  0.692308  10
310    1.000000   0.800000  0.888889  10
311    0.875000   0.700000  0.777778  10
312    1.000000   0.800000  0.888889  10
313    0.533333   0.800000  0.640000  10
314    0.875000   0.700000  0.777778  10
315    0.450000   0.900000  0.600000  10
316    0.769231   1.000000  0.869565  10
317    0.818182   0.900000  0.857143  10
318    0.900000   0.900000  0.900000  10
319    0.900000   0.900000  0.900000  10
320    1.000000   0.900000  0.947368  10
321    0.818182   0.900000  0.857143  10
322    0.333333   0.500000  0.400000  10
323    0.777778   0.700000  0.736842  10
324    0.529412   0.900000  0.666667  10
325    1.000000   0.800000  0.888889  10
326    1.000000   1.000000  1.000000  10
327    0.750000   0.900000  0.818182  10
328    0.555556   1.000000  0.714286  10
329    0.909091   1.000000  0.952381  10
330    0.466667   0.700000  0.560000  10
331    0.900000   0.900000  0.900000  10
332    0.636364   0.700000  0.666667  10
333    0.666667   0.400000  0.500000  10
334    0.700000   0.700000  0.700000  10
335    1.000000   0.300000  0.461538  10
336    0.666667   0.400000  0.500000  10
337    0.875000   0.700000  0.777778  10
338    0.538462   0.700000  0.608696  10
339    0.666667   0.800000  0.727273  10
340    1.000000   1.000000  1.000000  10
341    0.466667   0.700000  0.560000  10
342    0.818182   0.900000  0.857143  10
343    0.800000   0.800000  0.800000  10
344    1.000000   0.800000  0.888889  10
345    0.900000   0.900000  0.900000  10
346    0.833333   0.500000  0.625000  10
347    0.666667   0.800000  0.727273  10
348    1.000000   0.800000  0.888889  10
349    0.583333   0.700000  0.636364  10
350    1.000000   1.000000  1.000000  10
351    1.000000   0.700000  0.823529  10
352    1.000000   0.900000  0.947368  10
353    0.437500   0.700000  0.538462  10
354    0.466667   0.700000  0.560000  10
355    0.833333   0.500000  0.625000  10
356    0.777778   0.700000  0.736842  10
357    0.666667   0.800000  0.727273  10
358    1.000000   0.900000  0.947368  10
359    0.666667   0.800000  0.727273  10
360    0.727273   0.800000  0.761905  10
361    1.000000   0.900000  0.947368  10
362    1.000000   0.900000  0.947368  10
363    0.538462   0.700000  0.608696  10
364    0.750000   0.900000  0.818182  10
365    1.000000   0.800000  0.888889  10
366    0.800000   0.800000  0.800000  10
367    1.000000   0.700000  0.823529  10
368    0.727273   0.800000  0.761905  10
369    1.000000   0.700000  0.823529  10
370    1.000000   0.900000  0.947368  10
371    1.000000   0.600000  0.750000  10
372    1.000000   0.900000  0.947368  10
373    0.727273   0.800000  0.761905  10
374    0.714286   0.500000  0.588235  10
375    0.476190   1.000000  0.645161  10
376    0.875000   0.700000  0.777778  10
377    0.615385   0.800000  0.695652  10
378    0.888889   0.800000  0.842105  10
379    0.818182   0.900000  0.857143  10
380    0.777778   0.700000  0.736842  10
381    0.777778   0.700000  0.736842  10
382    0.692308   0.900000  0.782609  10
383    0.700000   0.700000  0.700000  10
384    1.000000   0.700000  0.823529  10
385    0.571429   0.800000  0.666667  10
386    1.000000   0.700000  0.823529  10
387    0.388889   0.700000  0.500000  10
388    0.714286   0.500000  0.588235  10
389    0.800000   0.400000  0.533333  10
390    0.800000   0.400000  0.533333  10
391    0.750000   0.600000  0.666667  10
392    0.857143   0.600000  0.705882  10
393    0.800000   0.800000  0.800000  10
394    0.857143   0.600000  0.705882  10
395    0.900000   0.900000  0.900000  10
396    1.000000   0.900000  0.947368  10
397    0.909091   1.000000  0.952381  10
398    0.800000   0.800000  0.800000  10
399    0.571429   0.800000  0.666667  10
400    0.900000   0.900000  0.900000  10
401    0.818182   0.900000  0.857143  10
402    0.625000   1.000000  0.769231  10
403    1.000000   0.800000  0.888889  10
404    0.888889   0.800000  0.842105  10
405    0.600000   0.900000  0.720000  10
406    0.909091   1.000000  0.952381  10
407    0.692308   0.900000  0.782609  10
408    0.750000   0.600000  0.666667  10
409    1.000000   0.800000  0.888889  10
410    0.750000   0.300000  0.428571  10
411    0.875000   0.700000  0.777778  10
412    0.777778   0.700000  0.736842  10
413    0.769231   1.000000  0.869565  10
414    0.400000   0.600000  0.480000  10
415    1.000000   0.700000  0.823529  10
416    0.833333   1.000000  0.909091  10
417    1.000000   1.000000  1.000000  10
418    1.000000   0.700000  0.823529  10
419    1.000000   0.700000  0.823529  10
420    0.642857   0.900000  0.750000  10
421    1.000000   0.700000  0.823529  10
422    0.777778   0.700000  0.736842  10
423    0.800000   0.800000  0.800000  10
424    1.000000   1.000000  1.000000  10
425    0.833333   1.000000  0.909091  10
426    0.615385   0.800000  0.695652  10
427    0.800000   0.800000  0.800000  10
428    0.800000   0.800000  0.800000  10
429    0.777778   0.700000  0.736842  10
430    1.000000   0.900000  0.947368  10
431    0.642857   0.900000  0.750000  10
432    0.900000   0.900000  0.900000  10
433    1.000000   0.800000  0.888889  10
434    0.900000   0.900000  0.900000  10
435    0.727273   0.800000  0.761905  10
436    1.000000   0.700000  0.823529  10
437    0.875000   0.700000  0.777778  10
438    0.833333   0.500000  0.625000  10
439    0.857143   0.600000  0.705882  10
440    0.900000   0.900000  0.900000  10
441    0.727273   0.800000  0.761905  10
442    0.217391   0.500000  0.303030  10
443    1.000000   1.000000  1.000000  10
444    0.473684   0.900000  0.620690  10
445    0.900000   0.900000  0.900000  10
446    0.538462   0.700000  0.608696  10
447    0.888889   0.800000  0.842105  10
448    0.818182   0.900000  0.857143  10
449    0.411765   0.700000  0.518519  10
450    1.000000   0.900000  0.947368  10
451    0.750000   0.900000  0.818182  10
452    1.000000   1.000000  1.000000  10
453    0.562500   0.900000  0.692308  10
454    0.900000   0.900000  0.900000  10
455    0.333333   0.100000  0.153846  10
456    0.437500   0.700000  0.538462  10
457    1.000000   0.800000  0.888889  10
458    0.800000   0.800000  0.800000  10
459    0.750000   0.900000  0.818182  10
460    0.875000   0.700000  0.777778  10
461    0.769231   1.000000  0.869565  10
462    0.636364   0.700000  0.666667  10
463    0.571429   0.800000  0.666667  10
464    1.000000   0.800000  0.888889  10
465    1.000000   0.600000  0.750000  10
466    0.444444   0.400000  0.421053  10
467    0.555556   0.500000  0.526316  10
468    0.545455   0.600000  0.571429  10
469    0.700000   0.700000  0.700000  10
470    0.636364   0.700000  0.666667  10
471    1.000000   1.000000  1.000000  10
472    0.800000   0.400000  0.533333  10
473    0.750000   0.600000  0.666667  10
474    0.875000   0.700000  0.777778  10
475    0.777778   0.700000  0.736842  10
476    0.636364   0.700000  0.666667  10
477    0.473684   0.900000  0.620690  10
478    0.750000   0.600000  0.666667  10
479    0.500000   0.400000  0.444444  10
480    0.571429   0.400000  0.470588  10
481    0.571429   0.800000  0.666667  10
482    0.666667   0.800000  0.727273  10
483    0.818182   0.900000  0.857143  10
484    0.642857   0.900000  0.750000  10
485    0.900000   0.900000  0.900000  10
486    1.000000   0.500000  0.666667  10
487    0.888889   0.800000  0.842105  10
488    0.800000   0.800000  0.800000  10
489    1.000000   0.900000  0.947368  10
490    0.368421   0.700000  0.482759  10
491    1.000000   0.800000  0.888889  10
492    0.818182   0.900000  0.857143  10
493    0.800000   0.800000  0.800000  10
494    0.571429   0.400000  0.470588  10
495    0.416667   0.500000  0.454545  10
496    0.571429   0.800000  0.666667  10
497    0.666667   0.200000  0.307692  10
498    0.900000   0.900000  0.900000  10
499    0.800000   0.800000  0.800000  10
