Robustness classification report
model: dino
degradation: jpeg
severity: 4
num_samples: 5000
num_classes: 500
nll: 1.436586

Overall metrics
top1_accuracy: 0.802600 (80.26%)
top2_accuracy: 0.864800 (86.48%)
top3_accuracy: 0.892400 (89.24%)
top4_accuracy: 0.910000 (91.00%)
top5_accuracy: 0.918800 (91.88%)
macro_precision: 0.825488 (82.55%)
macro_recall: 0.802600 (80.26%)
macro_f1: 0.802975 (80.30%)

Per-class metrics
class  precision  recall  f1_score  support
000    0.833333   1.000000  0.909091  10
001    0.888889   0.800000  0.842105  10
002    0.818182   0.900000  0.857143  10
003    1.000000   0.700000  0.823529  10
004    0.666667   0.800000  0.727273  10
005    0.800000   0.800000  0.800000  10
006    0.818182   0.900000  0.857143  10
007    0.857143   0.600000  0.705882  10
008    0.461538   0.600000  0.521739  10
009    1.000000   1.000000  1.000000  10
010    0.900000   0.900000  0.900000  10
011    1.000000   0.900000  0.947368  10
012    0.909091   1.000000  0.952381  10
013    0.750000   0.900000  0.818182  10
014    0.750000   0.900000  0.818182  10
015    1.000000   0.900000  0.947368  10
016    0.750000   0.900000  0.818182  10
017    0.833333   1.000000  0.909091  10
018    0.769231   1.000000  0.869565  10
019    0.888889   0.800000  0.842105  10
020    0.800000   0.800000  0.800000  10
021    0.900000   0.900000  0.900000  10
022    0.800000   0.800000  0.800000  10
023    0.714286   1.000000  0.833333  10
024    1.000000   1.000000  1.000000  10
025    1.000000   0.900000  0.947368  10
026    0.666667   0.800000  0.727273  10
027    0.857143   0.600000  0.705882  10
028    0.800000   0.800000  0.800000  10
029    1.000000   0.700000  0.823529  10
030    0.909091   1.000000  0.952381  10
031    0.888889   0.800000  0.842105  10
032    0.800000   0.800000  0.800000  10
033    1.000000   0.800000  0.888889  10
034    0.714286   1.000000  0.833333  10
035    0.666667   0.800000  0.727273  10
036    0.833333   1.000000  0.909091  10
037    0.833333   1.000000  0.909091  10
038    1.000000   0.400000  0.571429  10
039    0.857143   0.600000  0.705882  10
040    0.900000   0.900000  0.900000  10
041    0.909091   1.000000  0.952381  10
042    1.000000   0.700000  0.823529  10
043    1.000000   0.900000  0.947368  10
044    0.818182   0.900000  0.857143  10
045    1.000000   1.000000  1.000000  10
046    1.000000   1.000000  1.000000  10
047    1.000000   0.900000  0.947368  10
048    1.000000   0.600000  0.750000  10
049    0.538462   0.700000  0.608696  10
050    1.000000   1.000000  1.000000  10
051    0.909091   1.000000  0.952381  10
052    1.000000   0.700000  0.823529  10
053    1.000000   0.900000  0.947368  10
054    0.750000   0.900000  0.818182  10
055    1.000000   0.900000  0.947368  10
056    0.833333   0.500000  0.625000  10
057    0.800000   0.800000  0.800000  10
058    1.000000   0.900000  0.947368  10
059    1.000000   0.800000  0.888889  10
060    0.900000   0.900000  0.900000  10
061    1.000000   1.000000  1.000000  10
062    1.000000   1.000000  1.000000  10
063    0.714286   1.000000  0.833333  10
064    1.000000   0.600000  0.750000  10
065    0.727273   0.800000  0.761905  10
066    0.888889   0.800000  0.842105  10
067    1.000000   0.600000  0.750000  10
068    0.909091   1.000000  0.952381  10
069    0.571429   0.800000  0.666667  10
070    1.000000   1.000000  1.000000  10
071    0.583333   0.700000  0.636364  10
072    0.833333   1.000000  0.909091  10
073    0.692308   0.900000  0.782609  10
074    0.750000   0.900000  0.818182  10
075    0.818182   0.900000  0.857143  10
076    0.777778   0.700000  0.736842  10
077    0.888889   0.800000  0.842105  10
078    0.875000   0.700000  0.777778  10
079    0.888889   0.800000  0.842105  10
080    0.833333   1.000000  0.909091  10
081    1.000000   0.700000  0.823529  10
082    0.714286   1.000000  0.833333  10
083    0.909091   1.000000  0.952381  10
084    1.000000   0.400000  0.571429  10
085    0.909091   1.000000  0.952381  10
086    0.750000   0.900000  0.818182  10
087    0.818182   0.900000  0.857143  10
088    0.600000   0.900000  0.720000  10
089    1.000000   0.900000  0.947368  10
090    1.000000   0.600000  0.750000  10
091    1.000000   1.000000  1.000000  10
092    1.000000   0.900000  0.947368  10
093    0.909091   1.000000  0.952381  10
094    0.666667   0.800000  0.727273  10
095    0.909091   1.000000  0.952381  10
096    0.909091   1.000000  0.952381  10
097    1.000000   0.800000  0.888889  10
098    0.875000   0.700000  0.777778  10
099    1.000000   0.800000  0.888889  10
100    0.875000   0.700000  0.777778  10
101    0.909091   1.000000  0.952381  10
102    0.900000   0.900000  0.900000  10
103    0.888889   0.800000  0.842105  10
104    1.000000   0.900000  0.947368  10
105    1.000000   0.600000  0.750000  10
106    0.888889   0.800000  0.842105  10
107    1.000000   1.000000  1.000000  10
108    1.000000   0.900000  0.947368  10
109    0.900000   0.900000  0.900000  10
110    1.000000   0.800000  0.888889  10
111    1.000000   0.700000  0.823529  10
112    1.000000   1.000000  1.000000  10
113    1.000000   1.000000  1.000000  10
114    0.769231   1.000000  0.869565  10
115    0.888889   0.800000  0.842105  10
116    1.000000   1.000000  1.000000  10
117    0.909091   1.000000  0.952381  10
118    1.000000   1.000000  1.000000  10
119    1.000000   0.700000  0.823529  10
120    0.909091   1.000000  0.952381  10
121    0.666667   0.600000  0.631579  10
122    0.833333   0.500000  0.625000  10
123    0.875000   0.700000  0.777778  10
124    1.000000   1.000000  1.000000  10
125    0.642857   0.900000  0.750000  10
126    0.888889   0.800000  0.842105  10
127    0.666667   0.600000  0.631579  10
128    0.666667   1.000000  0.800000  10
129    0.888889   0.800000  0.842105  10
130    0.857143   0.600000  0.705882  10
131    0.571429   0.800000  0.666667  10
132    1.000000   0.900000  0.947368  10
133    0.888889   0.800000  0.842105  10
134    1.000000   0.900000  0.947368  10
135    0.769231   1.000000  0.869565  10
136    0.800000   0.800000  0.800000  10
137    0.615385   0.800000  0.695652  10
138    0.888889   0.800000  0.842105  10
139    0.600000   0.600000  0.600000  10
140    0.700000   0.700000  0.700000  10
141    0.750000   0.900000  0.818182  10
142    0.777778   0.700000  0.736842  10
143    1.000000   0.600000  0.750000  10
144    0.750000   0.900000  0.818182  10
145    1.000000   0.900000  0.947368  10
146    0.642857   0.900000  0.750000  10
147    0.777778   0.700000  0.736842  10
148    0.833333   1.000000  0.909091  10
149    1.000000   0.900000  0.947368  10
150    0.538462   0.700000  0.608696  10
151    0.909091   1.000000  0.952381  10
152    0.714286   0.500000  0.588235  10
153    0.900000   0.900000  0.900000  10
154    0.857143   0.600000  0.705882  10
155    0.375000   0.300000  0.333333  10
156    0.800000   0.800000  0.800000  10
157    1.000000   0.200000  0.333333  10
158    0.437500   0.700000  0.538462  10
159    0.615385   0.800000  0.695652  10
160    0.500000   0.900000  0.642857  10
161    0.384615   0.500000  0.434783  10
162    0.818182   0.900000  0.857143  10
163    0.900000   0.900000  0.900000  10
164    0.642857   0.900000  0.750000  10
165    0.461538   0.600000  0.521739  10
166    0.750000   0.600000  0.666667  10
167    1.000000   0.700000  0.823529  10
168    0.615385   0.800000  0.695652  10
169    0.750000   0.900000  0.818182  10
170    1.000000   0.900000  0.947368  10
171    1.000000   0.800000  0.888889  10
172    0.800000   0.800000  0.800000  10
173    1.000000   0.700000  0.823529  10
174    0.800000   0.800000  0.800000  10
175    0.583333   0.700000  0.636364  10
176    0.700000   0.700000  0.700000  10
177    0.857143   0.600000  0.705882  10
178    0.888889   0.800000  0.842105  10
179    0.800000   0.800000  0.800000  10
180    0.666667   0.400000  0.500000  10
181    0.625000   0.500000  0.555556  10
182    1.000000   0.600000  0.750000  10
183    0.750000   0.900000  0.818182  10
184    0.888889   0.800000  0.842105  10
185    0.400000   0.400000  0.400000  10
186    0.750000   0.900000  0.818182  10
187    0.571429   0.800000  0.666667  10
188    0.800000   0.800000  0.800000  10
189    0.714286   1.000000  0.833333  10
190    0.800000   0.800000  0.800000  10
191    0.833333   0.500000  0.625000  10
192    1.000000   0.600000  0.750000  10
193    0.615385   0.800000  0.695652  10
194    0.800000   0.800000  0.800000  10
195    0.727273   0.800000  0.761905  10
196    1.000000   0.800000  0.888889  10
197    0.600000   0.600000  0.600000  10
198    0.833333   0.500000  0.625000  10
199    0.700000   0.700000  0.700000  10
200    0.888889   0.800000  0.842105  10
201    0.636364   0.700000  0.666667  10
202    0.538462   0.700000  0.608696  10
203    0.545455   0.600000  0.571429  10
204    0.833333   1.000000  0.909091  10
205    0.909091   1.000000  0.952381  10
206    0.636364   0.700000  0.666667  10
207    0.900000   0.900000  0.900000  10
208    1.000000   1.000000  1.000000  10
209    1.000000   0.700000  0.823529  10
210    1.000000   0.800000  0.888889  10
211    1.000000   0.800000  0.888889  10
212    0.875000   0.700000  0.777778  10
213    1.000000   0.700000  0.823529  10
214    0.600000   0.900000  0.720000  10
215    0.800000   0.800000  0.800000  10
216    0.888889   0.800000  0.842105  10
217    0.700000   0.700000  0.700000  10
218    1.000000   0.900000  0.947368  10
219    1.000000   0.800000  0.888889  10
220    0.538462   0.700000  0.608696  10
221    0.692308   0.900000  0.782609  10
222    0.692308   0.900000  0.782609  10
223    1.000000   0.900000  0.947368  10
224    0.428571   0.600000  0.500000  10
225    0.600000   0.900000  0.720000  10
226    0.800000   0.800000  0.800000  10
227    0.411765   0.700000  0.518519  10
228    0.555556   0.500000  0.526316  10
229    0.900000   0.900000  0.900000  10
230    0.583333   0.700000  0.636364  10
231    1.000000   0.600000  0.750000  10
232    0.666667   0.600000  0.631579  10
233    0.571429   0.400000  0.470588  10
234    0.888889   0.800000  0.842105  10
235    0.636364   0.700000  0.666667  10
236    0.818182   0.900000  0.857143  10
237    0.818182   0.900000  0.857143  10
238    0.909091   1.000000  0.952381  10
239    0.900000   0.900000  0.900000  10
240    1.000000   0.700000  0.823529  10
241    0.750000   0.600000  0.666667  10
242    0.750000   0.600000  0.666667  10
243    0.769231   1.000000  0.869565  10
244    0.727273   0.800000  0.761905  10
245    0.533333   0.800000  0.640000  10
246    0.600000   0.300000  0.400000  10
247    0.500000   0.200000  0.285714  10
248    0.900000   0.900000  0.900000  10
249    0.888889   0.800000  0.842105  10
250    0.818182   0.900000  0.857143  10
251    0.818182   0.900000  0.857143  10
252    0.777778   0.700000  0.736842  10
253    0.600000   0.300000  0.400000  10
254    0.636364   0.700000  0.666667  10
255    0.875000   0.700000  0.777778  10
256    0.454545   0.500000  0.476190  10
257    0.473684   0.900000  0.620690  10
258    0.750000   0.600000  0.666667  10
259    0.600000   0.900000  0.720000  10
260    0.615385   0.800000  0.695652  10
261    1.000000   0.800000  0.888889  10
262    0.666667   0.800000  0.727273  10
263    1.000000   0.900000  0.947368  10
264    1.000000   0.900000  0.947368  10
265    0.666667   0.800000  0.727273  10
266    0.800000   0.400000  0.533333  10
267    0.750000   0.600000  0.666667  10
268    0.777778   0.700000  0.736842  10
269    0.769231   1.000000  0.869565  10
270    0.750000   0.900000  0.818182  10
271    0.666667   0.600000  0.631579  10
272    1.000000   0.800000  0.888889  10
273    1.000000   0.800000  0.888889  10
274    0.833333   0.500000  0.625000  10
275    0.777778   0.700000  0.736842  10
276    0.461538   0.600000  0.521739  10
277    0.500000   0.900000  0.642857  10
278    0.500000   0.600000  0.545455  10
279    0.833333   1.000000  0.909091  10
280    0.750000   0.900000  0.818182  10
281    0.800000   0.800000  0.800000  10
282    0.875000   0.700000  0.777778  10
283    1.000000   0.900000  0.947368  10
284    0.642857   0.900000  0.750000  10
285    1.000000   0.900000  0.947368  10
286    0.545455   0.600000  0.571429  10
287    0.666667   0.800000  0.727273  10
288    0.818182   0.900000  0.857143  10
289    0.888889   0.800000  0.842105  10
290    0.888889   0.800000  0.842105  10
291    0.900000   0.900000  0.900000  10
292    0.900000   0.900000  0.900000  10
293    1.000000   0.900000  0.947368  10
294    1.000000   0.700000  0.823529  10
295    0.800000   0.800000  0.800000  10
296    0.727273   0.800000  0.761905  10
297    1.000000   0.900000  0.947368  10
298    0.750000   0.900000  0.818182  10
299    0.692308   0.900000  0.782609  10
300    0.818182   0.900000  0.857143  10
301    1.000000   1.000000  1.000000  10
302    0.909091   1.000000  0.952381  10
303    0.642857   0.900000  0.750000  10
304    1.000000   0.800000  0.888889  10
305    0.800000   0.800000  0.800000  10
306    0.900000   0.900000  0.900000  10
307    1.000000   1.000000  1.000000  10
308    0.800000   0.800000  0.800000  10
309    0.588235   1.000000  0.740741  10
310    1.000000   0.800000  0.888889  10
311    1.000000   0.800000  0.888889  10
312    0.909091   1.000000  0.952381  10
313    0.727273   0.800000  0.761905  10
314    1.000000   0.800000  0.888889  10
315    0.800000   0.800000  0.800000  10
316    0.769231   1.000000  0.869565  10
317    1.000000   0.800000  0.888889  10
318    0.818182   0.900000  0.857143  10
319    1.000000   0.900000  0.947368  10
320    1.000000   0.900000  0.947368  10
321    1.000000   1.000000  1.000000  10
322    0.312500   0.500000  0.384615  10
323    0.875000   0.700000  0.777778  10
324    0.900000   0.900000  0.900000  10
325    0.700000   0.700000  0.700000  10
326    0.900000   0.900000  0.900000  10
327    0.818182   0.900000  0.857143  10
328    0.818182   0.900000  0.857143  10
329    1.000000   0.900000  0.947368  10
330    0.888889   0.800000  0.842105  10
331    0.727273   0.800000  0.761905  10
332    0.727273   0.800000  0.761905  10
333    0.833333   1.000000  0.909091  10
334    0.857143   0.600000  0.705882  10
335    0.714286   0.500000  0.588235  10
336    0.833333   0.500000  0.625000  10
337    0.333333   0.500000  0.400000  10
338    0.888889   0.800000  0.842105  10
339    1.000000   0.800000  0.888889  10
340    0.666667   1.000000  0.800000  10
341    0.727273   0.800000  0.761905  10
342    0.909091   1.000000  0.952381  10
343    0.875000   0.700000  0.777778  10
344    1.000000   1.000000  1.000000  10
345    0.900000   0.900000  0.900000  10
346    0.833333   0.500000  0.625000  10
347    0.727273   0.800000  0.761905  10
348    0.727273   0.800000  0.761905  10
349    1.000000   0.600000  0.750000  10
350    1.000000   1.000000  1.000000  10
351    1.000000   0.800000  0.888889  10
352    1.000000   0.900000  0.947368  10
353    0.545455   0.600000  0.571429  10
354    1.000000   0.700000  0.823529  10
355    0.833333   1.000000  0.909091  10
356    0.727273   0.800000  0.761905  10
357    1.000000   0.800000  0.888889  10
358    1.000000   0.900000  0.947368  10
359    0.888889   0.800000  0.842105  10
360    0.642857   0.900000  0.750000  10
361    0.900000   0.900000  0.900000  10
362    1.000000   0.900000  0.947368  10
363    0.833333   1.000000  0.909091  10
364    0.900000   0.900000  0.900000  10
365    1.000000   0.800000  0.888889  10
366    0.900000   0.900000  0.900000  10
367    0.714286   0.500000  0.588235  10
368    0.769231   1.000000  0.869565  10
369    0.636364   0.700000  0.666667  10
370    0.833333   1.000000  0.909091  10
371    0.909091   1.000000  0.952381  10
372    1.000000   0.800000  0.888889  10
373    0.727273   0.800000  0.761905  10
374    0.857143   0.600000  0.705882  10
375    0.714286   1.000000  0.833333  10
376    1.000000   0.900000  0.947368  10
377    0.529412   0.900000  0.666667  10
378    1.000000   0.900000  0.947368  10
379    1.000000   0.800000  0.888889  10
380    1.000000   1.000000  1.000000  10
381    0.777778   0.700000  0.736842  10
382    1.000000   0.800000  0.888889  10
383    0.900000   0.900000  0.900000  10
384    0.900000   0.900000  0.900000  10
385    0.666667   0.800000  0.727273  10
386    0.833333   1.000000  0.909091  10
387    0.727273   0.800000  0.761905  10
388    0.555556   0.500000  0.526316  10
389    0.666667   0.800000  0.727273  10
390    0.833333   0.500000  0.625000  10
391    0.800000   0.800000  0.800000  10
392    1.000000   0.700000  0.823529  10
393    0.727273   0.800000  0.761905  10
394    0.818182   0.900000  0.857143  10
395    0.692308   0.900000  0.782609  10
396    0.833333   1.000000  0.909091  10
397    0.833333   1.000000  0.909091  10
398    0.818182   0.900000  0.857143  10
399    0.888889   0.800000  0.842105  10
400    0.800000   0.800000  0.800000  10
401    1.000000   0.900000  0.947368  10
402    0.909091   1.000000  0.952381  10
403    1.000000   0.800000  0.888889  10
404    1.000000   0.800000  0.888889  10
405    0.769231   1.000000  0.869565  10
406    1.000000   1.000000  1.000000  10
407    0.750000   0.600000  0.666667  10
408    0.750000   0.600000  0.666667  10
409    1.000000   0.800000  0.888889  10
410    0.555556   0.500000  0.526316  10
411    1.000000   0.800000  0.888889  10
412    0.888889   0.800000  0.842105  10
413    0.900000   0.900000  0.900000  10
414    0.533333   0.800000  0.640000  10
415    1.000000   0.700000  0.823529  10
416    1.000000   1.000000  1.000000  10
417    1.000000   0.900000  0.947368  10
418    0.909091   1.000000  0.952381  10
419    1.000000   1.000000  1.000000  10
420    0.692308   0.900000  0.782609  10
421    1.000000   0.800000  0.888889  10
422    0.888889   0.800000  0.842105  10
423    0.615385   0.800000  0.695652  10
424    1.000000   1.000000  1.000000  10
425    0.909091   1.000000  0.952381  10
426    0.900000   0.900000  0.900000  10
427    0.909091   1.000000  0.952381  10
428    0.666667   0.800000  0.727273  10
429    0.857143   0.600000  0.705882  10
430    0.900000   0.900000  0.900000  10
431    0.666667   0.600000  0.631579  10
432    1.000000   0.800000  0.888889  10
433    0.818182   0.900000  0.857143  10
434    1.000000   0.800000  0.888889  10
435    0.875000   0.700000  0.777778  10
436    1.000000   0.800000  0.888889  10
437    1.000000   0.600000  0.750000  10
438    0.800000   0.800000  0.800000  10
439    0.888889   0.800000  0.842105  10
440    1.000000   1.000000  1.000000  10
441    0.833333   0.500000  0.625000  10
442    0.200000   0.400000  0.266667  10
443    1.000000   1.000000  1.000000  10
444    0.833333   1.000000  0.909091  10
445    1.000000   0.900000  0.947368  10
446    0.857143   0.600000  0.705882  10
447    0.900000   0.900000  0.900000  10
448    1.000000   0.800000  0.888889  10
449    0.750000   0.900000  0.818182  10
450    0.909091   1.000000  0.952381  10
451    0.900000   0.900000  0.900000  10
452    1.000000   1.000000  1.000000  10
453    0.777778   0.700000  0.736842  10
454    1.000000   1.000000  1.000000  10
455    0.800000   0.400000  0.533333  10
456    0.615385   0.800000  0.695652  10
457    1.000000   1.000000  1.000000  10
458    0.875000   0.700000  0.777778  10
459    1.000000   1.000000  1.000000  10
460    0.888889   0.800000  0.842105  10
461    0.818182   0.900000  0.857143  10
462    0.900000   0.900000  0.900000  10
463    0.900000   0.900000  0.900000  10
464    1.000000   1.000000  1.000000  10
465    0.700000   0.700000  0.700000  10
466    0.428571   0.300000  0.352941  10
467    0.444444   0.400000  0.421053  10
468    0.900000   0.900000  0.900000  10
469    0.875000   0.700000  0.777778  10
470    0.888889   0.800000  0.842105  10
471    1.000000   0.700000  0.823529  10
472    0.375000   0.600000  0.461538  10
473    1.000000   0.600000  0.750000  10
474    1.000000   0.700000  0.823529  10
475    0.875000   0.700000  0.777778  10
476    0.727273   0.800000  0.761905  10
477    0.529412   0.900000  0.666667  10
478    0.800000   0.800000  0.800000  10
479    0.875000   0.700000  0.777778  10
480    0.600000   0.600000  0.600000  10
481    0.500000   0.600000  0.545455  10
482    0.615385   0.800000  0.695652  10
483    0.750000   0.900000  0.818182  10
484    0.833333   1.000000  0.909091  10
485    0.888889   0.800000  0.842105  10
486    1.000000   0.700000  0.823529  10
487    0.800000   0.800000  0.800000  10
488    0.777778   0.700000  0.736842  10
489    0.900000   0.900000  0.900000  10
490    0.600000   0.600000  0.600000  10
491    1.000000   0.700000  0.823529  10
492    0.833333   1.000000  0.909091  10
493    1.000000   0.700000  0.823529  10
494    0.500000   0.600000  0.545455  10
495    0.714286   0.500000  0.588235  10
496    0.545455   0.600000  0.571429  10
497    0.750000   0.300000  0.428571  10
498    1.000000   0.800000  0.888889  10
499    0.818182   0.900000  0.857143  10
