Robustness classification report
model: dino
degradation: jpeg
severity: 2
num_samples: 5000
num_classes: 500
nll: 1.026523

Overall metrics
top1_accuracy: 0.869000 (86.90%)
top2_accuracy: 0.919000 (91.90%)
top3_accuracy: 0.936600 (93.66%)
top4_accuracy: 0.948000 (94.80%)
top5_accuracy: 0.953200 (95.32%)
macro_precision: 0.879201 (87.92%)
macro_recall: 0.869000 (86.90%)
macro_f1: 0.868647 (86.86%)

Per-class metrics
class  precision  recall  f1_score  support
000    0.900000   0.900000  0.900000  10
001    0.888889   0.800000  0.842105  10
002    0.818182   0.900000  0.857143  10
003    1.000000   0.800000  0.888889  10
004    1.000000   1.000000  1.000000  10
005    0.800000   0.800000  0.800000  10
006    0.800000   0.800000  0.800000  10
007    0.909091   1.000000  0.952381  10
008    0.750000   0.600000  0.666667  10
009    1.000000   1.000000  1.000000  10
010    0.909091   1.000000  0.952381  10
011    1.000000   0.900000  0.947368  10
012    0.909091   1.000000  0.952381  10
013    0.909091   1.000000  0.952381  10
014    1.000000   0.900000  0.947368  10
015    1.000000   1.000000  1.000000  10
016    1.000000   0.900000  0.947368  10
017    0.900000   0.900000  0.900000  10
018    0.833333   1.000000  0.909091  10
019    1.000000   0.800000  0.888889  10
020    1.000000   0.800000  0.888889  10
021    1.000000   1.000000  1.000000  10
022    0.800000   0.800000  0.800000  10
023    0.833333   1.000000  0.909091  10
024    1.000000   1.000000  1.000000  10
025    1.000000   0.900000  0.947368  10
026    0.727273   0.800000  0.761905  10
027    1.000000   0.900000  0.947368  10
028    1.000000   0.800000  0.888889  10
029    1.000000   1.000000  1.000000  10
030    0.909091   1.000000  0.952381  10
031    1.000000   0.800000  0.888889  10
032    0.900000   0.900000  0.900000  10
033    1.000000   0.800000  0.888889  10
034    0.833333   1.000000  0.909091  10
035    0.777778   0.700000  0.736842  10
036    0.833333   1.000000  0.909091  10
037    0.909091   1.000000  0.952381  10
038    1.000000   0.900000  0.947368  10
039    1.000000   0.800000  0.888889  10
040    1.000000   0.900000  0.947368  10
041    1.000000   1.000000  1.000000  10
042    1.000000   0.700000  0.823529  10
043    1.000000   0.900000  0.947368  10
044    1.000000   1.000000  1.000000  10
045    1.000000   1.000000  1.000000  10
046    0.909091   1.000000  0.952381  10
047    1.000000   1.000000  1.000000  10
048    1.000000   1.000000  1.000000  10
049    0.800000   0.800000  0.800000  10
050    1.000000   1.000000  1.000000  10
051    0.909091   1.000000  0.952381  10
052    0.875000   0.700000  0.777778  10
053    1.000000   0.900000  0.947368  10
054    1.000000   0.900000  0.947368  10
055    0.900000   0.900000  0.900000  10
056    0.818182   0.900000  0.857143  10
057    0.900000   0.900000  0.900000  10
058    1.000000   1.000000  1.000000  10
059    1.000000   0.900000  0.947368  10
060    0.900000   0.900000  0.900000  10
061    1.000000   1.000000  1.000000  10
062    1.000000   1.000000  1.000000  10
063    0.833333   1.000000  0.909091  10
064    0.888889   0.800000  0.842105  10
065    0.727273   0.800000  0.761905  10
066    1.000000   0.900000  0.947368  10
067    1.000000   0.700000  0.823529  10
068    0.909091   1.000000  0.952381  10
069    0.750000   0.900000  0.818182  10
070    1.000000   1.000000  1.000000  10
071    0.700000   0.700000  0.700000  10
072    1.000000   1.000000  1.000000  10
073    0.750000   0.900000  0.818182  10
074    0.833333   1.000000  0.909091  10
075    0.900000   0.900000  0.900000  10
076    1.000000   0.800000  0.888889  10
077    0.900000   0.900000  0.900000  10
078    0.888889   0.800000  0.842105  10
079    0.888889   0.800000  0.842105  10
080    1.000000   1.000000  1.000000  10
081    1.000000   0.800000  0.888889  10
082    0.769231   1.000000  0.869565  10
083    0.909091   1.000000  0.952381  10
084    1.000000   0.700000  0.823529  10
085    1.000000   1.000000  1.000000  10
086    0.909091   1.000000  0.952381  10
087    0.818182   0.900000  0.857143  10
088    0.692308   0.900000  0.782609  10
089    1.000000   1.000000  1.000000  10
090    1.000000   0.700000  0.823529  10
091    1.000000   1.000000  1.000000  10
092    1.000000   0.900000  0.947368  10
093    0.909091   1.000000  0.952381  10
094    0.666667   0.800000  0.727273  10
095    1.000000   1.000000  1.000000  10
096    1.000000   1.000000  1.000000  10
097    1.000000   0.800000  0.888889  10
098    0.900000   0.900000  0.900000  10
099    1.000000   0.900000  0.947368  10
100    0.909091   1.000000  0.952381  10
101    0.909091   1.000000  0.952381  10
102    0.900000   0.900000  0.900000  10
103    1.000000   0.700000  0.823529  10
104    0.900000   0.900000  0.900000  10
105    0.875000   0.700000  0.777778  10
106    0.800000   0.800000  0.800000  10
107    0.909091   1.000000  0.952381  10
108    1.000000   0.900000  0.947368  10
109    1.000000   1.000000  1.000000  10
110    0.818182   0.900000  0.857143  10
111    1.000000   0.800000  0.888889  10
112    1.000000   1.000000  1.000000  10
113    1.000000   1.000000  1.000000  10
114    0.909091   1.000000  0.952381  10
115    1.000000   0.900000  0.947368  10
116    1.000000   1.000000  1.000000  10
117    0.909091   1.000000  0.952381  10
118    1.000000   1.000000  1.000000  10
119    1.000000   0.700000  0.823529  10
120    0.833333   1.000000  0.909091  10
121    0.636364   0.700000  0.666667  10
122    0.714286   0.500000  0.588235  10
123    1.000000   0.800000  0.888889  10
124    1.000000   1.000000  1.000000  10
125    0.900000   0.900000  0.900000  10
126    1.000000   0.900000  0.947368  10
127    0.888889   0.800000  0.842105  10
128    0.909091   1.000000  0.952381  10
129    1.000000   1.000000  1.000000  10
130    0.888889   0.800000  0.842105  10
131    0.875000   0.700000  0.777778  10
132    1.000000   0.900000  0.947368  10
133    0.818182   0.900000  0.857143  10
134    1.000000   1.000000  1.000000  10
135    0.714286   1.000000  0.833333  10
136    0.800000   0.800000  0.800000  10
137    0.769231   1.000000  0.869565  10
138    1.000000   0.900000  0.947368  10
139    0.583333   0.700000  0.636364  10
140    0.818182   0.900000  0.857143  10
141    0.909091   1.000000  0.952381  10
142    1.000000   0.800000  0.888889  10
143    1.000000   0.700000  0.823529  10
144    0.769231   1.000000  0.869565  10
145    1.000000   0.900000  0.947368  10
146    1.000000   1.000000  1.000000  10
147    1.000000   0.900000  0.947368  10
148    0.818182   0.900000  0.857143  10
149    1.000000   1.000000  1.000000  10
150    0.666667   0.800000  0.727273  10
151    1.000000   1.000000  1.000000  10
152    0.888889   0.800000  0.842105  10
153    0.909091   1.000000  0.952381  10
154    0.888889   0.800000  0.842105  10
155    0.833333   0.500000  0.625000  10
156    0.800000   0.800000  0.800000  10
157    0.500000   0.300000  0.375000  10
158    0.666667   0.800000  0.727273  10
159    0.800000   0.800000  0.800000  10
160    0.583333   0.700000  0.636364  10
161    0.500000   0.600000  0.545455  10
162    0.900000   0.900000  0.900000  10
163    1.000000   0.900000  0.947368  10
164    0.750000   0.900000  0.818182  10
165    0.727273   0.800000  0.761905  10
166    0.875000   0.700000  0.777778  10
167    1.000000   0.800000  0.888889  10
168    0.800000   0.800000  0.800000  10
169    0.909091   1.000000  0.952381  10
170    0.900000   0.900000  0.900000  10
171    1.000000   0.800000  0.888889  10
172    0.888889   0.800000  0.842105  10
173    1.000000   0.800000  0.888889  10
174    0.800000   0.800000  0.800000  10
175    0.857143   0.600000  0.705882  10
176    0.714286   1.000000  0.833333  10
177    0.888889   0.800000  0.842105  10
178    0.777778   0.700000  0.736842  10
179    1.000000   0.800000  0.888889  10
180    0.666667   0.600000  0.631579  10
181    0.857143   0.600000  0.705882  10
182    0.800000   0.800000  0.800000  10
183    0.909091   1.000000  0.952381  10
184    1.000000   0.800000  0.888889  10
185    0.666667   0.600000  0.631579  10
186    0.750000   0.900000  0.818182  10
187    0.571429   0.800000  0.666667  10
188    0.727273   0.800000  0.761905  10
189    1.000000   1.000000  1.000000  10
190    1.000000   0.800000  0.888889  10
191    0.727273   0.800000  0.761905  10
192    0.888889   0.800000  0.842105  10
193    0.800000   0.800000  0.800000  10
194    0.727273   0.800000  0.761905  10
195    0.800000   0.800000  0.800000  10
196    1.000000   1.000000  1.000000  10
197    0.636364   0.700000  0.666667  10
198    0.750000   0.600000  0.666667  10
199    0.900000   0.900000  0.900000  10
200    0.900000   0.900000  0.900000  10
201    0.888889   0.800000  0.842105  10
202    0.583333   0.700000  0.636364  10
203    0.636364   0.700000  0.666667  10
204    0.833333   1.000000  0.909091  10
205    1.000000   1.000000  1.000000  10
206    0.750000   0.600000  0.666667  10
207    0.900000   0.900000  0.900000  10
208    0.900000   0.900000  0.900000  10
209    0.888889   0.800000  0.842105  10
210    0.888889   0.800000  0.842105  10
211    1.000000   0.900000  0.947368  10
212    0.875000   0.700000  0.777778  10
213    1.000000   0.700000  0.823529  10
214    0.750000   0.900000  0.818182  10
215    0.800000   0.800000  0.800000  10
216    1.000000   0.800000  0.888889  10
217    1.000000   0.800000  0.888889  10
218    0.909091   1.000000  0.952381  10
219    1.000000   0.800000  0.888889  10
220    0.727273   0.800000  0.761905  10
221    1.000000   0.900000  0.947368  10
222    0.909091   1.000000  0.952381  10
223    1.000000   1.000000  1.000000  10
224    0.636364   0.700000  0.666667  10
225    0.818182   0.900000  0.857143  10
226    0.818182   0.900000  0.857143  10
227    0.571429   0.800000  0.666667  10
228    0.833333   0.500000  0.625000  10
229    0.909091   1.000000  0.952381  10
230    0.750000   0.900000  0.818182  10
231    1.000000   0.700000  0.823529  10
232    0.666667   0.600000  0.631579  10
233    0.666667   0.600000  0.631579  10
234    0.750000   0.900000  0.818182  10
235    0.900000   0.900000  0.900000  10
236    0.900000   0.900000  0.900000  10
237    0.900000   0.900000  0.900000  10
238    0.833333   1.000000  0.909091  10
239    0.888889   0.800000  0.842105  10
240    0.888889   0.800000  0.842105  10
241    0.777778   0.700000  0.736842  10
242    0.818182   0.900000  0.857143  10
243    1.000000   1.000000  1.000000  10
244    0.800000   0.800000  0.800000  10
245    0.636364   0.700000  0.666667  10
246    0.700000   0.700000  0.700000  10
247    0.500000   0.400000  0.444444  10
248    0.727273   0.800000  0.761905  10
249    1.000000   0.900000  0.947368  10
250    0.909091   1.000000  0.952381  10
251    0.909091   1.000000  0.952381  10
252    0.900000   0.900000  0.900000  10
253    0.857143   0.600000  0.705882  10
254    0.888889   0.800000  0.842105  10
255    0.900000   0.900000  0.900000  10
256    0.454545   0.500000  0.476190  10
257    0.800000   0.800000  0.800000  10
258    0.727273   0.800000  0.761905  10
259    0.727273   0.800000  0.761905  10
260    0.642857   0.900000  0.750000  10
261    0.909091   1.000000  0.952381  10
262    0.727273   0.800000  0.761905  10
263    0.909091   1.000000  0.952381  10
264    1.000000   1.000000  1.000000  10
265    0.875000   0.700000  0.777778  10
266    0.875000   0.700000  0.777778  10
267    0.818182   0.900000  0.857143  10
268    0.818182   0.900000  0.857143  10
269    0.666667   1.000000  0.800000  10
270    1.000000   1.000000  1.000000  10
271    0.875000   0.700000  0.777778  10
272    1.000000   0.900000  0.947368  10
273    0.888889   0.800000  0.842105  10
274    0.909091   1.000000  0.952381  10
275    1.000000   0.800000  0.888889  10
276    0.727273   0.800000  0.761905  10
277    0.769231   1.000000  0.869565  10
278    0.600000   0.600000  0.600000  10
279    0.909091   1.000000  0.952381  10
280    0.900000   0.900000  0.900000  10
281    1.000000   0.900000  0.947368  10
282    0.888889   0.800000  0.842105  10
283    1.000000   1.000000  1.000000  10
284    0.818182   0.900000  0.857143  10
285    0.818182   0.900000  0.857143  10
286    0.750000   0.900000  0.818182  10
287    0.818182   0.900000  0.857143  10
288    0.818182   0.900000  0.857143  10
289    1.000000   0.900000  0.947368  10
290    0.888889   0.800000  0.842105  10
291    0.909091   1.000000  0.952381  10
292    1.000000   0.800000  0.888889  10
293    1.000000   0.900000  0.947368  10
294    1.000000   0.900000  0.947368  10
295    0.818182   0.900000  0.857143  10
296    0.750000   0.900000  0.818182  10
297    1.000000   0.900000  0.947368  10
298    0.909091   1.000000  0.952381  10
299    0.833333   1.000000  0.909091  10
300    0.818182   0.900000  0.857143  10
301    1.000000   1.000000  1.000000  10
302    0.909091   1.000000  0.952381  10
303    0.909091   1.000000  0.952381  10
304    1.000000   0.900000  0.947368  10
305    0.666667   0.800000  0.727273  10
306    1.000000   0.900000  0.947368  10
307    0.909091   1.000000  0.952381  10
308    0.818182   0.900000  0.857143  10
309    0.833333   1.000000  0.909091  10
310    1.000000   1.000000  1.000000  10
311    1.000000   0.900000  0.947368  10
312    0.900000   0.900000  0.900000  10
313    0.888889   0.800000  0.842105  10
314    0.888889   0.800000  0.842105  10
315    0.818182   0.900000  0.857143  10
316    0.909091   1.000000  0.952381  10
317    1.000000   1.000000  1.000000  10
318    0.818182   0.900000  0.857143  10
319    1.000000   0.900000  0.947368  10
320    0.909091   1.000000  0.952381  10
321    0.909091   1.000000  0.952381  10
322    0.583333   0.700000  0.636364  10
323    0.818182   0.900000  0.857143  10
324    0.833333   1.000000  0.909091  10
325    0.900000   0.900000  0.900000  10
326    1.000000   0.900000  0.947368  10
327    0.750000   0.900000  0.818182  10
328    0.833333   1.000000  0.909091  10
329    1.000000   1.000000  1.000000  10
330    0.900000   0.900000  0.900000  10
331    0.818182   0.900000  0.857143  10
332    0.900000   0.900000  0.900000  10
333    0.714286   1.000000  0.833333  10
334    0.888889   0.800000  0.842105  10
335    0.750000   0.600000  0.666667  10
336    0.777778   0.700000  0.736842  10
337    0.750000   0.600000  0.666667  10
338    0.888889   0.800000  0.842105  10
339    1.000000   0.900000  0.947368  10
340    0.833333   1.000000  0.909091  10
341    0.833333   1.000000  0.909091  10
342    0.909091   1.000000  0.952381  10
343    0.900000   0.900000  0.900000  10
344    1.000000   1.000000  1.000000  10
345    0.909091   1.000000  0.952381  10
346    0.857143   0.600000  0.705882  10
347    0.818182   0.900000  0.857143  10
348    0.818182   0.900000  0.857143  10
349    1.000000   0.600000  0.750000  10
350    1.000000   1.000000  1.000000  10
351    1.000000   0.900000  0.947368  10
352    1.000000   0.900000  0.947368  10
353    0.777778   0.700000  0.736842  10
354    1.000000   0.800000  0.888889  10
355    0.833333   1.000000  0.909091  10
356    0.900000   0.900000  0.900000  10
357    1.000000   1.000000  1.000000  10
358    0.900000   0.900000  0.900000  10
359    0.900000   0.900000  0.900000  10
360    0.833333   1.000000  0.909091  10
361    1.000000   0.900000  0.947368  10
362    1.000000   1.000000  1.000000  10
363    0.909091   1.000000  0.952381  10
364    1.000000   0.900000  0.947368  10
365    1.000000   0.900000  0.947368  10
366    0.900000   0.900000  0.900000  10
367    0.875000   0.700000  0.777778  10
368    0.714286   1.000000  0.833333  10
369    0.818182   0.900000  0.857143  10
370    0.833333   1.000000  0.909091  10
371    0.909091   1.000000  0.952381  10
372    1.000000   0.800000  0.888889  10
373    0.818182   0.900000  0.857143  10
374    0.857143   0.600000  0.705882  10
375    0.909091   1.000000  0.952381  10
376    1.000000   1.000000  1.000000  10
377    0.833333   1.000000  0.909091  10
378    1.000000   0.900000  0.947368  10
379    1.000000   1.000000  1.000000  10
380    1.000000   1.000000  1.000000  10
381    0.727273   0.800000  0.761905  10
382    1.000000   0.800000  0.888889  10
383    0.818182   0.900000  0.857143  10
384    1.000000   0.900000  0.947368  10
385    0.769231   1.000000  0.869565  10
386    0.833333   1.000000  0.909091  10
387    1.000000   0.800000  0.888889  10
388    0.833333   0.500000  0.625000  10
389    0.642857   0.900000  0.750000  10
390    0.857143   0.600000  0.705882  10
391    0.900000   0.900000  0.900000  10
392    1.000000   0.800000  0.888889  10
393    0.888889   0.800000  0.842105  10
394    0.714286   1.000000  0.833333  10
395    0.833333   1.000000  0.909091  10
396    0.833333   1.000000  0.909091  10
397    1.000000   1.000000  1.000000  10
398    0.909091   1.000000  0.952381  10
399    0.700000   0.700000  0.700000  10
400    0.900000   0.900000  0.900000  10
401    1.000000   1.000000  1.000000  10
402    0.909091   1.000000  0.952381  10
403    1.000000   0.900000  0.947368  10
404    1.000000   0.900000  0.947368  10
405    0.833333   1.000000  0.909091  10
406    0.909091   1.000000  0.952381  10
407    0.750000   0.900000  0.818182  10
408    0.750000   0.600000  0.666667  10
409    1.000000   0.800000  0.888889  10
410    0.583333   0.700000  0.636364  10
411    1.000000   0.800000  0.888889  10
412    0.833333   1.000000  0.909091  10
413    0.909091   1.000000  0.952381  10
414    0.615385   0.800000  0.695652  10
415    0.900000   0.900000  0.900000  10
416    1.000000   1.000000  1.000000  10
417    1.000000   0.900000  0.947368  10
418    1.000000   1.000000  1.000000  10
419    1.000000   1.000000  1.000000  10
420    1.000000   1.000000  1.000000  10
421    0.909091   1.000000  0.952381  10
422    1.000000   0.900000  0.947368  10
423    0.818182   0.900000  0.857143  10
424    0.909091   1.000000  0.952381  10
425    1.000000   1.000000  1.000000  10
426    1.000000   0.900000  0.947368  10
427    0.909091   1.000000  0.952381  10
428    0.800000   0.800000  0.800000  10
429    0.857143   0.600000  0.705882  10
430    0.909091   1.000000  0.952381  10
431    0.625000   0.500000  0.555556  10
432    1.000000   0.800000  0.888889  10
433    1.000000   0.900000  0.947368  10
434    0.900000   0.900000  0.900000  10
435    1.000000   0.800000  0.888889  10
436    1.000000   0.800000  0.888889  10
437    1.000000   0.800000  0.888889  10
438    1.000000   0.800000  0.888889  10
439    1.000000   0.900000  0.947368  10
440    1.000000   1.000000  1.000000  10
441    0.875000   0.700000  0.777778  10
442    0.333333   0.500000  0.400000  10
443    1.000000   1.000000  1.000000  10
444    0.909091   1.000000  0.952381  10
445    1.000000   0.900000  0.947368  10
446    1.000000   0.800000  0.888889  10
447    0.900000   0.900000  0.900000  10
448    1.000000   0.800000  0.888889  10
449    0.600000   0.900000  0.720000  10
450    0.900000   0.900000  0.900000  10
451    1.000000   0.900000  0.947368  10
452    1.000000   1.000000  1.000000  10
453    0.875000   0.700000  0.777778  10
454    1.000000   1.000000  1.000000  10
455    0.666667   0.400000  0.500000  10
456    0.538462   0.700000  0.608696  10
457    1.000000   1.000000  1.000000  10
458    0.888889   0.800000  0.842105  10
459    1.000000   1.000000  1.000000  10
460    0.909091   1.000000  0.952381  10
461    0.909091   1.000000  0.952381  10
462    1.000000   0.800000  0.888889  10
463    1.000000   0.900000  0.947368  10
464    1.000000   0.900000  0.947368  10
465    0.692308   0.900000  0.782609  10
466    0.500000   0.500000  0.500000  10
467    0.500000   0.500000  0.500000  10
468    0.888889   0.800000  0.842105  10
469    0.909091   1.000000  0.952381  10
470    0.900000   0.900000  0.900000  10
471    1.000000   1.000000  1.000000  10
472    0.466667   0.700000  0.560000  10
473    1.000000   0.800000  0.888889  10
474    1.000000   0.800000  0.888889  10
475    0.818182   0.900000  0.857143  10
476    0.769231   1.000000  0.869565  10
477    0.750000   0.900000  0.818182  10
478    0.900000   0.900000  0.900000  10
479    0.800000   0.800000  0.800000  10
480    0.636364   0.700000  0.666667  10
481    0.636364   0.700000  0.666667  10
482    1.000000   0.800000  0.888889  10
483    0.833333   1.000000  0.909091  10
484    0.909091   1.000000  0.952381  10
485    0.818182   0.900000  0.857143  10
486    1.000000   0.900000  0.947368  10
487    0.818182   0.900000  0.857143  10
488    0.818182   0.900000  0.857143  10
489    1.000000   0.900000  0.947368  10
490    0.636364   0.700000  0.666667  10
491    1.000000   0.700000  0.823529  10
492    0.769231   1.000000  0.869565  10
493    0.900000   0.900000  0.900000  10
494    0.615385   0.800000  0.695652  10
495    0.857143   0.600000  0.705882  10
496    0.583333   0.700000  0.636364  10
497    1.000000   0.400000  0.571429  10
498    0.833333   1.000000  0.909091  10
499    0.900000   0.900000  0.900000  10
