Robustness classification report
model: ensemble
degradation: gaussian_blur
severity: 4
num_samples: 5000
num_classes: 500
nll: 5.436092

Overall metrics
top1_accuracy: 0.088600 (8.86%)
top2_accuracy: 0.123000 (12.30%)
top3_accuracy: 0.154400 (15.44%)
top4_accuracy: 0.178400 (17.84%)
top5_accuracy: 0.196800 (19.68%)
macro_precision: 0.213194 (21.32%)
macro_recall: 0.088600 (8.86%)
macro_f1: 0.097724 (9.77%)

Per-class metrics
class  precision  recall  f1_score  support
000    0.000000   0.000000  0.000000  10
001    0.000000   0.000000  0.000000  10
002    0.666667   0.200000  0.307692  10
003    0.200000   0.200000  0.200000  10
004    1.000000   0.100000  0.181818  10
005    0.000000   0.000000  0.000000  10
006    0.000000   0.000000  0.000000  10
007    0.000000   0.000000  0.000000  10
008    0.222222   0.200000  0.210526  10
009    0.000000   0.000000  0.000000  10
010    0.000000   0.000000  0.000000  10
011    0.000000   0.000000  0.000000  10
012    0.000000   0.000000  0.000000  10
013    0.137931   0.400000  0.205128  10
014    0.300000   0.600000  0.400000  10
015    0.000000   0.000000  0.000000  10
016    0.500000   0.100000  0.166667  10
017    0.063158   0.600000  0.114286  10
018    0.315789   0.600000  0.413793  10
019    0.000000   0.000000  0.000000  10
020    0.000000   0.000000  0.000000  10
021    1.000000   0.100000  0.181818  10
022    1.000000   0.100000  0.181818  10
023    1.000000   0.100000  0.181818  10
024    0.347826   0.800000  0.484848  10
025    0.500000   0.200000  0.285714  10
026    0.000000   0.000000  0.000000  10
027    0.000000   0.000000  0.000000  10
028    0.250000   0.200000  0.222222  10
029    0.312500   0.500000  0.384615  10
030    1.000000   0.200000  0.333333  10
031    0.000000   0.000000  0.000000  10
032    1.000000   0.300000  0.461538  10
033    0.000000   0.000000  0.000000  10
034    0.000000   0.000000  0.000000  10
035    0.048780   0.400000  0.086957  10
036    0.500000   0.100000  0.166667  10
037    0.285714   0.200000  0.235294  10
038    0.000000   0.000000  0.000000  10
039    0.500000   0.100000  0.166667  10
040    0.000000   0.000000  0.000000  10
041    1.000000   0.600000  0.750000  10
042    0.600000   0.300000  0.400000  10
043    0.214286   0.300000  0.250000  10
044    0.294118   0.500000  0.370370  10
045    1.000000   0.300000  0.461538  10
046    1.000000   0.200000  0.333333  10
047    0.000000   0.000000  0.000000  10
048    0.000000   0.000000  0.000000  10
049    0.000000   0.000000  0.000000  10
050    1.000000   0.100000  0.181818  10
051    0.750000   0.300000  0.428571  10
052    0.000000   0.000000  0.000000  10
053    0.000000   0.000000  0.000000  10
054    1.000000   0.100000  0.181818  10
055    0.250000   0.100000  0.142857  10
056    0.000000   0.000000  0.000000  10
057    0.500000   0.100000  0.166667  10
058    1.000000   0.100000  0.181818  10
059    0.000000   0.000000  0.000000  10
060    0.800000   0.400000  0.533333  10
061    1.000000   0.200000  0.333333  10
062    0.875000   0.700000  0.777778  10
063    1.000000   0.100000  0.181818  10
064    0.000000   0.000000  0.000000  10
065    0.000000   0.000000  0.000000  10
066    0.000000   0.000000  0.000000  10
067    0.000000   0.000000  0.000000  10
068    0.000000   0.000000  0.000000  10
069    0.500000   0.100000  0.166667  10
070    0.428571   0.600000  0.500000  10
071    1.000000   0.200000  0.333333  10
072    0.571429   0.400000  0.470588  10
073    0.000000   0.000000  0.000000  10
074    0.000000   0.000000  0.000000  10
075    0.000000   0.000000  0.000000  10
076    0.000000   0.000000  0.000000  10
077    0.000000   0.000000  0.000000  10
078    0.000000   0.000000  0.000000  10
079    0.000000   0.000000  0.000000  10
080    0.000000   0.000000  0.000000  10
081    0.000000   0.000000  0.000000  10
082    0.250000   0.200000  0.222222  10
083    0.250000   0.300000  0.272727  10
084    0.000000   0.000000  0.000000  10
085    1.000000   0.400000  0.571429  10
086    1.000000   0.200000  0.333333  10
087    0.000000   0.000000  0.000000  10
088    0.235294   0.400000  0.296296  10
089    0.833333   0.500000  0.625000  10
090    0.000000   0.000000  0.000000  10
091    1.000000   0.100000  0.181818  10
092    1.000000   0.300000  0.461538  10
093    0.208333   0.500000  0.294118  10
094    1.000000   0.100000  0.181818  10
095    0.000000   0.000000  0.000000  10
096    0.833333   0.500000  0.625000  10
097    0.000000   0.000000  0.000000  10
098    0.000000   0.000000  0.000000  10
099    0.000000   0.000000  0.000000  10
100    0.000000   0.000000  0.000000  10
101    0.000000   0.000000  0.000000  10
102    0.666667   0.200000  0.307692  10
103    0.000000   0.000000  0.000000  10
104    0.000000   0.000000  0.000000  10
105    1.000000   0.200000  0.333333  10
106    1.000000   0.300000  0.461538  10
107    0.181818   0.200000  0.190476  10
108    0.500000   0.100000  0.166667  10
109    0.000000   0.000000  0.000000  10
110    0.000000   0.000000  0.000000  10
111    0.000000   0.000000  0.000000  10
112    0.416667   0.500000  0.454545  10
113    1.000000   0.100000  0.181818  10
114    0.000000   0.000000  0.000000  10
115    0.000000   0.000000  0.000000  10
116    1.000000   0.400000  0.571429  10
117    0.000000   0.000000  0.000000  10
118    1.000000   0.300000  0.461538  10
119    0.000000   0.000000  0.000000  10
120    0.000000   0.000000  0.000000  10
121    0.000000   0.000000  0.000000  10
122    0.000000   0.000000  0.000000  10
123    0.000000   0.000000  0.000000  10
124    0.076923   0.200000  0.111111  10
125    0.000000   0.000000  0.000000  10
126    0.000000   0.000000  0.000000  10
127    0.000000   0.000000  0.000000  10
128    0.000000   0.000000  0.000000  10
129    0.000000   0.000000  0.000000  10
130    0.000000   0.000000  0.000000  10
131    0.000000   0.000000  0.000000  10
132    0.200000   0.200000  0.200000  10
133    0.000000   0.000000  0.000000  10
134    0.000000   0.000000  0.000000  10
135    0.000000   0.000000  0.000000  10
136    0.000000   0.000000  0.000000  10
137    0.333333   0.200000  0.250000  10
138    0.000000   0.000000  0.000000  10
139    0.000000   0.000000  0.000000  10
140    0.000000   0.000000  0.000000  10
141    0.000000   0.000000  0.000000  10
142    0.000000   0.000000  0.000000  10
143    0.000000   0.000000  0.000000  10
144    0.000000   0.000000  0.000000  10
145    0.000000   0.000000  0.000000  10
146    0.000000   0.000000  0.000000  10
147    0.000000   0.000000  0.000000  10
148    0.000000   0.000000  0.000000  10
149    0.333333   0.200000  0.250000  10
150    1.000000   0.100000  0.181818  10
151    0.000000   0.000000  0.000000  10
152    0.083333   0.100000  0.090909  10
153    0.000000   0.000000  0.000000  10
154    0.333333   0.100000  0.153846  10
155    0.000000   0.000000  0.000000  10
156    0.000000   0.000000  0.000000  10
157    0.000000   0.000000  0.000000  10
158    0.000000   0.000000  0.000000  10
159    0.125000   0.200000  0.153846  10
160    0.000000   0.000000  0.000000  10
161    0.000000   0.000000  0.000000  10
162    0.333333   0.200000  0.250000  10
163    1.000000   0.100000  0.181818  10
164    0.000000   0.000000  0.000000  10
165    0.600000   0.300000  0.400000  10
166    0.000000   0.000000  0.000000  10
167    0.666667   0.200000  0.307692  10
168    0.666667   0.200000  0.307692  10
169    0.000000   0.000000  0.000000  10
170    0.294118   0.500000  0.370370  10
171    0.000000   0.000000  0.000000  10
172    1.000000   0.100000  0.181818  10
173    0.333333   0.300000  0.315789  10
174    1.000000   0.100000  0.181818  10
175    1.000000   0.100000  0.181818  10
176    0.000000   0.000000  0.000000  10
177    0.000000   0.000000  0.000000  10
178    0.000000   0.000000  0.000000  10
179    0.000000   0.000000  0.000000  10
180    0.000000   0.000000  0.000000  10
181    0.038462   0.200000  0.064516  10
182    0.000000   0.000000  0.000000  10
183    1.000000   0.200000  0.333333  10
184    0.000000   0.000000  0.000000  10
185    1.000000   0.100000  0.181818  10
186    0.444444   0.400000  0.421053  10
187    1.000000   0.100000  0.181818  10
188    0.022523   0.500000  0.043103  10
189    1.000000   0.100000  0.181818  10
190    0.000000   0.000000  0.000000  10
191    0.018182   0.100000  0.030769  10
192    0.000000   0.000000  0.000000  10
193    0.000000   0.000000  0.000000  10
194    0.002542   0.600000  0.005063  10
195    0.071429   0.300000  0.115385  10
196    0.000000   0.000000  0.000000  10
197    0.000000   0.000000  0.000000  10
198    0.000000   0.000000  0.000000  10
199    0.000000   0.000000  0.000000  10
200    1.000000   0.100000  0.181818  10
201    0.023810   0.100000  0.038462  10
202    0.142857   0.200000  0.166667  10
203    0.100000   0.100000  0.100000  10
204    0.000000   0.000000  0.000000  10
205    1.000000   0.300000  0.461538  10
206    0.000000   0.000000  0.000000  10
207    0.500000   0.100000  0.166667  10
208    0.000000   0.000000  0.000000  10
209    0.000000   0.000000  0.000000  10
210    0.000000   0.000000  0.000000  10
211    0.315789   0.600000  0.413793  10
212    0.285714   0.200000  0.235294  10
213    0.500000   0.100000  0.166667  10
214    0.000000   0.000000  0.000000  10
215    0.000000   0.000000  0.000000  10
216    0.000000   0.000000  0.000000  10
217    0.000000   0.000000  0.000000  10
218    0.105263   0.200000  0.137931  10
219    0.235294   0.400000  0.296296  10
220    0.000000   0.000000  0.000000  10
221    0.000000   0.000000  0.000000  10
222    0.000000   0.000000  0.000000  10
223    0.400000   0.200000  0.266667  10
224    0.000000   0.000000  0.000000  10
225    0.009070   0.400000  0.017738  10
226    0.000000   0.000000  0.000000  10
227    0.000000   0.000000  0.000000  10
228    0.000000   0.000000  0.000000  10
229    0.000000   0.000000  0.000000  10
230    1.000000   0.100000  0.181818  10
231    0.000000   0.000000  0.000000  10
232    1.000000   0.100000  0.181818  10
233    0.000000   0.000000  0.000000  10
234    0.000000   0.000000  0.000000  10
235    0.000000   0.000000  0.000000  10
236    1.000000   0.100000  0.181818  10
237    0.000000   0.000000  0.000000  10
238    0.000000   0.000000  0.000000  10
239    0.000000   0.000000  0.000000  10
240    1.000000   0.100000  0.181818  10
241    0.000000   0.000000  0.000000  10
242    1.000000   0.100000  0.181818  10
243    1.000000   0.500000  0.666667  10
244    0.000000   0.000000  0.000000  10
245    0.000000   0.000000  0.000000  10
246    0.000000   0.000000  0.000000  10
247    0.000000   0.000000  0.000000  10
248    1.000000   0.100000  0.181818  10
249    0.000000   0.000000  0.000000  10
250    0.000000   0.000000  0.000000  10
251    1.000000   0.100000  0.181818  10
252    1.000000   0.100000  0.181818  10
253    0.000000   0.000000  0.000000  10
254    0.000000   0.000000  0.000000  10
255    0.000000   0.000000  0.000000  10
256    0.047619   0.100000  0.064516  10
257    0.000000   0.000000  0.000000  10
258    0.000000   0.000000  0.000000  10
259    0.000000   0.000000  0.000000  10
260    0.000000   0.000000  0.000000  10
261    0.142857   0.100000  0.117647  10
262    0.000000   0.000000  0.000000  10
263    0.000000   0.000000  0.000000  10
264    1.000000   0.600000  0.750000  10
265    0.000000   0.000000  0.000000  10
266    0.000000   0.000000  0.000000  10
267    0.000000   0.000000  0.000000  10
268    0.000000   0.000000  0.000000  10
269    0.000000   0.000000  0.000000  10
270    0.000000   0.000000  0.000000  10
271    0.130435   0.300000  0.181818  10
272    0.000000   0.000000  0.000000  10
273    0.000000   0.000000  0.000000  10
274    0.000000   0.000000  0.000000  10
275    0.000000   0.000000  0.000000  10
276    0.000000   0.000000  0.000000  10
277    0.000000   0.000000  0.000000  10
278    0.000000   0.000000  0.000000  10
279    0.000000   0.000000  0.000000  10
280    0.000000   0.000000  0.000000  10
281    0.000000   0.000000  0.000000  10
282    0.000000   0.000000  0.000000  10
283    0.000000   0.000000  0.000000  10
284    1.000000   0.200000  0.333333  10
285    0.571429   0.400000  0.470588  10
286    0.000000   0.000000  0.000000  10
287    0.000000   0.000000  0.000000  10
288    0.000000   0.000000  0.000000  10
289    0.000000   0.000000  0.000000  10
290    1.000000   0.300000  0.461538  10
291    0.000000   0.000000  0.000000  10
292    0.600000   0.300000  0.400000  10
293    1.000000   0.300000  0.461538  10
294    0.000000   0.000000  0.000000  10
295    1.000000   0.100000  0.181818  10
296    0.444444   0.400000  0.421053  10
297    0.000000   0.000000  0.000000  10
298    0.000000   0.000000  0.000000  10
299    0.000000   0.000000  0.000000  10
300    1.000000   0.100000  0.181818  10
301    0.666667   0.600000  0.631579  10
302    0.800000   0.400000  0.533333  10
303    0.000000   0.000000  0.000000  10
304    0.000000   0.000000  0.000000  10
305    0.000000   0.000000  0.000000  10
306    0.006211   0.100000  0.011696  10
307    0.000000   0.000000  0.000000  10
308    1.000000   0.100000  0.181818  10
309    0.222222   0.200000  0.210526  10
310    0.000000   0.000000  0.000000  10
311    0.000000   0.000000  0.000000  10
312    0.000000   0.000000  0.000000  10
313    0.000000   0.000000  0.000000  10
314    0.000000   0.000000  0.000000  10
315    0.000000   0.000000  0.000000  10
316    0.500000   0.200000  0.285714  10
317    0.000000   0.000000  0.000000  10
318    0.000000   0.000000  0.000000  10
319    1.000000   0.200000  0.333333  10
320    0.000000   0.000000  0.000000  10
321    0.000000   0.000000  0.000000  10
322    0.000000   0.000000  0.000000  10
323    0.000000   0.000000  0.000000  10
324    0.000000   0.000000  0.000000  10
325    0.000000   0.000000  0.000000  10
326    0.000000   0.000000  0.000000  10
327    0.000000   0.000000  0.000000  10
328    0.000000   0.000000  0.000000  10
329    0.500000   0.100000  0.166667  10
330    0.000000   0.000000  0.000000  10
331    0.000000   0.000000  0.000000  10
332    0.000000   0.000000  0.000000  10
333    0.000000   0.000000  0.000000  10
334    0.000000   0.000000  0.000000  10
335    0.250000   0.100000  0.142857  10
336    0.000000   0.000000  0.000000  10
337    0.000000   0.000000  0.000000  10
338    0.000000   0.000000  0.000000  10
339    0.000000   0.000000  0.000000  10
340    0.666667   0.200000  0.307692  10
341    0.000000   0.000000  0.000000  10
342    0.250000   0.300000  0.272727  10
343    0.000000   0.000000  0.000000  10
344    0.000000   0.000000  0.000000  10
345    0.120000   0.600000  0.200000  10
346    0.000000   0.000000  0.000000  10
347    0.000000   0.000000  0.000000  10
348    1.000000   0.200000  0.333333  10
349    0.000000   0.000000  0.000000  10
350    0.333333   0.100000  0.153846  10
351    0.000000   0.000000  0.000000  10
352    0.000000   0.000000  0.000000  10
353    0.000000   0.000000  0.000000  10
354    0.285714   0.200000  0.235294  10
355    0.000000   0.000000  0.000000  10
356    0.000000   0.000000  0.000000  10
357    0.000000   0.000000  0.000000  10
358    0.000000   0.000000  0.000000  10
359    0.000000   0.000000  0.000000  10
360    0.000000   0.000000  0.000000  10
361    0.125000   0.200000  0.153846  10
362    1.000000   0.300000  0.461538  10
363    0.333333   0.100000  0.153846  10
364    0.000000   0.000000  0.000000  10
365    1.000000   0.100000  0.181818  10
366    1.000000   0.100000  0.181818  10
367    0.000000   0.000000  0.000000  10
368    0.000000   0.000000  0.000000  10
369    0.500000   0.100000  0.166667  10
370    0.000000   0.000000  0.000000  10
371    0.000000   0.000000  0.000000  10
372    0.000000   0.000000  0.000000  10
373    0.000000   0.000000  0.000000  10
374    0.000000   0.000000  0.000000  10
375    0.000000   0.000000  0.000000  10
376    0.000000   0.000000  0.000000  10
377    0.000000   0.000000  0.000000  10
378    0.130435   0.600000  0.214286  10
379    0.000000   0.000000  0.000000  10
380    0.000000   0.000000  0.000000  10
381    0.000000   0.000000  0.000000  10
382    0.000000   0.000000  0.000000  10
383    0.000000   0.000000  0.000000  10
384    0.333333   0.100000  0.153846  10
385    0.000000   0.000000  0.000000  10
386    0.666667   0.200000  0.307692  10
387    0.000000   0.000000  0.000000  10
388    0.000000   0.000000  0.000000  10
389    0.000000   0.000000  0.000000  10
390    0.000000   0.000000  0.000000  10
391    0.000000   0.000000  0.000000  10
392    0.000000   0.000000  0.000000  10
393    0.000000   0.000000  0.000000  10
394    0.000000   0.000000  0.000000  10
395    0.000000   0.000000  0.000000  10
396    0.000000   0.000000  0.000000  10
397    1.000000   0.600000  0.750000  10
398    0.166667   0.100000  0.125000  10
399    0.000000   0.000000  0.000000  10
400    0.000000   0.000000  0.000000  10
401    0.666667   0.200000  0.307692  10
402    0.500000   0.400000  0.444444  10
403    1.000000   0.200000  0.333333  10
404    0.000000   0.000000  0.000000  10
405    0.000000   0.000000  0.000000  10
406    0.000000   0.000000  0.000000  10
407    0.000000   0.000000  0.000000  10
408    0.000000   0.000000  0.000000  10
409    1.000000   0.200000  0.333333  10
410    0.000000   0.000000  0.000000  10
411    0.500000   0.100000  0.166667  10
412    0.083333   0.100000  0.090909  10
413    0.000000   0.000000  0.000000  10
414    0.000000   0.000000  0.000000  10
415    0.000000   0.000000  0.000000  10
416    0.000000   0.000000  0.000000  10
417    0.023529   0.200000  0.042105  10
418    0.000000   0.000000  0.000000  10
419    0.000000   0.000000  0.000000  10
420    0.000000   0.000000  0.000000  10
421    0.000000   0.000000  0.000000  10
422    0.750000   0.300000  0.428571  10
423    0.000000   0.000000  0.000000  10
424    0.000000   0.000000  0.000000  10
425    1.000000   0.100000  0.181818  10
426    0.000000   0.000000  0.000000  10
427    0.000000   0.000000  0.000000  10
428    0.333333   0.200000  0.250000  10
429    0.000000   0.000000  0.000000  10
430    0.300000   0.300000  0.300000  10
431    0.000000   0.000000  0.000000  10
432    1.000000   0.100000  0.181818  10
433    0.166667   0.100000  0.125000  10
434    0.000000   0.000000  0.000000  10
435    0.000000   0.000000  0.000000  10
436    0.000000   0.000000  0.000000  10
437    0.000000   0.000000  0.000000  10
438    0.000000   0.000000  0.000000  10
439    0.000000   0.000000  0.000000  10
440    0.032258   0.100000  0.048780  10
441    0.000000   0.000000  0.000000  10
442    0.000000   0.000000  0.000000  10
443    1.000000   0.100000  0.181818  10
444    0.000000   0.000000  0.000000  10
445    0.363636   0.800000  0.500000  10
446    0.000000   0.000000  0.000000  10
447    0.000000   0.000000  0.000000  10
448    1.000000   0.100000  0.181818  10
449    0.000000   0.000000  0.000000  10
450    0.800000   0.400000  0.533333  10
451    0.176471   0.300000  0.222222  10
452    0.000000   0.000000  0.000000  10
453    0.000000   0.000000  0.000000  10
454    0.000000   0.000000  0.000000  10
455    0.000000   0.000000  0.000000  10
456    1.000000   0.100000  0.181818  10
457    0.500000   0.100000  0.166667  10
458    0.000000   0.000000  0.000000  10
459    0.000000   0.000000  0.000000  10
460    0.000000   0.000000  0.000000  10
461    0.000000   0.000000  0.000000  10
462    0.000000   0.000000  0.000000  10
463    0.071429   0.100000  0.083333  10
464    0.238095   0.500000  0.322581  10
465    0.000000   0.000000  0.000000  10
466    0.000000   0.000000  0.000000  10
467    0.000000   0.000000  0.000000  10
468    0.000000   0.000000  0.000000  10
469    0.037037   0.300000  0.065934  10
470    0.000000   0.000000  0.000000  10
471    0.000000   0.000000  0.000000  10
472    0.000000   0.000000  0.000000  10
473    0.000000   0.000000  0.000000  10
474    1.000000   0.100000  0.181818  10
475    0.000000   0.000000  0.000000  10
476    0.000000   0.000000  0.000000  10
477    0.000000   0.000000  0.000000  10
478    1.000000   0.200000  0.333333  10
479    0.000000   0.000000  0.000000  10
480    0.000000   0.000000  0.000000  10
481    0.000000   0.000000  0.000000  10
482    0.857143   0.600000  0.705882  10
483    0.000000   0.000000  0.000000  10
484    0.000000   0.000000  0.000000  10
485    0.000000   0.000000  0.000000  10
486    0.000000   0.000000  0.000000  10
487    1.000000   0.200000  0.333333  10
488    0.000000   0.000000  0.000000  10
489    0.500000   0.400000  0.444444  10
490    0.000000   0.000000  0.000000  10
491    0.000000   0.000000  0.000000  10
492    0.000000   0.000000  0.000000  10
493    0.000000   0.000000  0.000000  10
494    0.000000   0.000000  0.000000  10
495    0.000000   0.000000  0.000000  10
496    0.000000   0.000000  0.000000  10
497    0.000000   0.000000  0.000000  10
498    0.000000   0.000000  0.000000  10
499    0.000000   0.000000  0.000000  10
