Robustness classification report
model: ensemble
degradation: gaussian_noise
severity: 4
num_samples: 5000
num_classes: 500
nll: 2.594477

Overall metrics
top1_accuracy: 0.518000 (51.80%)
top2_accuracy: 0.616600 (61.66%)
top3_accuracy: 0.672200 (67.22%)
top4_accuracy: 0.701200 (70.12%)
top5_accuracy: 0.719000 (71.90%)
macro_precision: 0.697891 (69.79%)
macro_recall: 0.518000 (51.80%)
macro_f1: 0.545577 (54.56%)

Per-class metrics
class  precision  recall  f1_score  support
000    0.900000   0.900000  0.900000  10
001    0.625000   0.500000  0.555556  10
002    0.750000   0.600000  0.666667  10
003    1.000000   0.500000  0.666667  10
004    0.833333   0.500000  0.625000  10
005    0.857143   0.600000  0.705882  10
006    0.800000   0.800000  0.800000  10
007    1.000000   0.500000  0.666667  10
008    0.583333   0.700000  0.636364  10
009    1.000000   0.700000  0.823529  10
010    1.000000   0.500000  0.666667  10
011    1.000000   0.500000  0.666667  10
012    1.000000   1.000000  1.000000  10
013    0.777778   0.700000  0.736842  10
014    0.444444   0.800000  0.571429  10
015    1.000000   0.500000  0.666667  10
016    0.615385   0.800000  0.695652  10
017    0.421053   0.800000  0.551724  10
018    1.000000   1.000000  1.000000  10
019    0.888889   0.800000  0.842105  10
020    0.454545   0.500000  0.476190  10
021    1.000000   0.900000  0.947368  10
022    0.750000   0.600000  0.666667  10
023    0.625000   0.500000  0.555556  10
024    0.900000   0.900000  0.900000  10
025    0.416667   0.500000  0.454545  10
026    0.666667   0.400000  0.500000  10
027    0.666667   0.400000  0.500000  10
028    0.500000   0.100000  0.166667  10
029    1.000000   0.800000  0.888889  10
030    1.000000   0.500000  0.666667  10
031    1.000000   0.400000  0.571429  10
032    1.000000   0.800000  0.888889  10
033    0.333333   0.100000  0.153846  10
034    0.357143   0.500000  0.416667  10
035    0.500000   0.300000  0.375000  10
036    0.304348   0.700000  0.424242  10
037    0.833333   0.500000  0.625000  10
038    1.000000   0.100000  0.181818  10
039    1.000000   0.500000  0.666667  10
040    0.833333   0.500000  0.625000  10
041    1.000000   0.800000  0.888889  10
042    0.714286   0.500000  0.588235  10
043    1.000000   0.800000  0.888889  10
044    0.625000   0.500000  0.555556  10
045    0.750000   0.600000  0.666667  10
046    1.000000   0.700000  0.823529  10
047    0.571429   0.800000  0.666667  10
048    1.000000   0.300000  0.461538  10
049    0.750000   0.300000  0.428571  10
050    1.000000   0.500000  0.666667  10
051    0.437500   0.700000  0.538462  10
052    0.600000   0.300000  0.400000  10
053    1.000000   0.300000  0.461538  10
054    1.000000   0.400000  0.571429  10
055    0.600000   0.600000  0.600000  10
056    0.500000   0.200000  0.285714  10
057    0.727273   0.800000  0.761905  10
058    0.909091   1.000000  0.952381  10
059    1.000000   0.700000  0.823529  10
060    0.529412   0.900000  0.666667  10
061    0.500000   0.800000  0.615385  10
062    1.000000   0.900000  0.947368  10
063    1.000000   0.500000  0.666667  10
064    1.000000   0.400000  0.571429  10
065    0.500000   0.500000  0.500000  10
066    0.411765   0.700000  0.518519  10
067    0.400000   0.600000  0.480000  10
068    1.000000   0.500000  0.666667  10
069    0.200000   0.800000  0.320000  10
070    1.000000   0.800000  0.888889  10
071    0.800000   0.400000  0.533333  10
072    0.600000   0.600000  0.600000  10
073    0.700000   0.700000  0.700000  10
074    1.000000   0.600000  0.750000  10
075    0.875000   0.700000  0.777778  10
076    0.875000   0.700000  0.777778  10
077    0.857143   0.600000  0.705882  10
078    0.800000   0.400000  0.533333  10
079    1.000000   0.700000  0.823529  10
080    1.000000   0.400000  0.571429  10
081    1.000000   0.500000  0.666667  10
082    0.666667   0.600000  0.631579  10
083    1.000000   0.200000  0.333333  10
084    1.000000   0.400000  0.571429  10
085    1.000000   0.900000  0.947368  10
086    0.714286   0.500000  0.588235  10
087    0.437500   0.700000  0.538462  10
088    0.538462   0.700000  0.608696  10
089    1.000000   0.700000  0.823529  10
090    1.000000   0.200000  0.333333  10
091    1.000000   0.500000  0.666667  10
092    1.000000   0.600000  0.750000  10
093    0.588235   1.000000  0.740741  10
094    0.470588   0.800000  0.592593  10
095    1.000000   0.700000  0.823529  10
096    0.888889   0.800000  0.842105  10
097    0.666667   0.800000  0.727273  10
098    1.000000   0.400000  0.571429  10
099    0.777778   0.700000  0.736842  10
100    0.454545   0.500000  0.476190  10
101    1.000000   1.000000  1.000000  10
102    1.000000   0.900000  0.947368  10
103    0.666667   0.400000  0.500000  10
104    1.000000   0.600000  0.750000  10
105    1.000000   0.800000  0.888889  10
106    1.000000   0.700000  0.823529  10
107    1.000000   0.600000  0.750000  10
108    0.888889   0.800000  0.842105  10
109    0.888889   0.800000  0.842105  10
110    1.000000   0.200000  0.333333  10
111    0.500000   0.400000  0.444444  10
112    1.000000   0.900000  0.947368  10
113    0.909091   1.000000  0.952381  10
114    0.571429   0.400000  0.470588  10
115    1.000000   0.700000  0.823529  10
116    1.000000   1.000000  1.000000  10
117    1.000000   0.700000  0.823529  10
118    1.000000   0.700000  0.823529  10
119    1.000000   0.400000  0.571429  10
120    1.000000   0.500000  0.666667  10
121    0.428571   0.300000  0.352941  10
122    0.750000   0.300000  0.428571  10
123    0.800000   0.400000  0.533333  10
124    0.400000   0.800000  0.533333  10
125    0.555556   0.500000  0.526316  10
126    1.000000   0.300000  0.461538  10
127    0.368421   0.700000  0.482759  10
128    1.000000   0.700000  0.823529  10
129    1.000000   0.300000  0.461538  10
130    1.000000   0.200000  0.333333  10
131    1.000000   0.100000  0.181818  10
132    0.875000   0.700000  0.777778  10
133    0.384615   0.500000  0.434783  10
134    0.615385   0.800000  0.695652  10
135    0.666667   0.600000  0.631579  10
136    1.000000   0.100000  0.181818  10
137    0.461538   0.600000  0.521739  10
138    1.000000   0.300000  0.461538  10
139    0.666667   0.400000  0.500000  10
140    1.000000   0.500000  0.666667  10
141    1.000000   0.600000  0.750000  10
142    1.000000   0.600000  0.750000  10
143    0.750000   0.300000  0.428571  10
144    0.692308   0.900000  0.782609  10
145    0.470588   0.800000  0.592593  10
146    0.875000   0.700000  0.777778  10
147    0.200000   0.100000  0.133333  10
148    1.000000   0.200000  0.333333  10
149    0.263158   0.500000  0.344828  10
150    0.571429   0.400000  0.470588  10
151    0.533333   0.800000  0.640000  10
152    0.028169   0.800000  0.054422  10
153    0.750000   0.900000  0.818182  10
154    0.545455   0.600000  0.571429  10
155    1.000000   0.200000  0.333333  10
156    1.000000   0.400000  0.571429  10
157    0.666667   0.200000  0.307692  10
158    0.000000   0.000000  0.000000  10
159    0.130435   0.900000  0.227848  10
160    0.333333   0.200000  0.250000  10
161    0.333333   0.200000  0.250000  10
162    0.538462   0.700000  0.608696  10
163    0.583333   0.700000  0.636364  10
164    0.642857   0.900000  0.750000  10
165    0.321429   0.900000  0.473684  10
166    0.714286   0.500000  0.588235  10
167    1.000000   0.600000  0.750000  10
168    0.857143   0.600000  0.705882  10
169    0.333333   0.600000  0.428571  10
170    0.191489   0.900000  0.315789  10
171    0.777778   0.700000  0.736842  10
172    0.857143   0.600000  0.705882  10
173    0.500000   0.900000  0.642857  10
174    0.833333   0.500000  0.625000  10
175    0.461538   0.600000  0.521739  10
176    0.714286   0.500000  0.588235  10
177    1.000000   0.800000  0.888889  10
178    1.000000   0.600000  0.750000  10
179    1.000000   0.500000  0.666667  10
180    0.375000   0.300000  0.333333  10
181    0.315789   0.600000  0.413793  10
182    1.000000   0.400000  0.571429  10
183    1.000000   0.400000  0.571429  10
184    0.714286   0.500000  0.588235  10
185    1.000000   0.500000  0.666667  10
186    0.636364   0.700000  0.666667  10
187    0.294118   0.500000  0.370370  10
188    0.263158   0.500000  0.344828  10
189    0.818182   0.900000  0.857143  10
190    0.296296   0.800000  0.432432  10
191    0.333333   0.300000  0.315789  10
192    1.000000   0.600000  0.750000  10
193    0.428571   0.300000  0.352941  10
194    0.600000   0.300000  0.400000  10
195    0.093023   0.400000  0.150943  10
196    0.800000   0.400000  0.533333  10
197    0.461538   0.600000  0.521739  10
198    0.153846   0.200000  0.173913  10
199    0.400000   0.400000  0.400000  10
200    0.875000   0.700000  0.777778  10
201    1.000000   0.300000  0.461538  10
202    0.428571   0.600000  0.500000  10
203    1.000000   0.100000  0.181818  10
204    0.152542   0.900000  0.260870  10
205    1.000000   0.400000  0.571429  10
206    0.363636   0.400000  0.380952  10
207    0.411765   0.700000  0.518519  10
208    0.833333   0.500000  0.625000  10
209    0.833333   0.500000  0.625000  10
210    1.000000   0.500000  0.666667  10
211    0.777778   0.700000  0.736842  10
212    0.800000   0.400000  0.533333  10
213    0.222222   0.200000  0.210526  10
214    0.777778   0.700000  0.736842  10
215    0.538462   0.700000  0.608696  10
216    0.190476   0.400000  0.258065  10
217    0.571429   0.400000  0.470588  10
218    1.000000   0.500000  0.666667  10
219    1.000000   0.600000  0.750000  10
220    0.411765   0.700000  0.518519  10
221    0.714286   0.500000  0.588235  10
222    1.000000   0.700000  0.823529  10
223    0.666667   0.800000  0.727273  10
224    0.800000   0.400000  0.533333  10
225    0.155556   0.700000  0.254545  10
226    0.800000   0.400000  0.533333  10
227    0.285714   0.400000  0.333333  10
228    0.200000   0.200000  0.200000  10
229    0.571429   0.400000  0.470588  10
230    1.000000   0.200000  0.333333  10
231    0.500000   0.600000  0.545455  10
232    1.000000   0.100000  0.181818  10
233    0.000000   0.000000  0.000000  10
234    1.000000   0.400000  0.571429  10
235    0.500000   0.300000  0.375000  10
236    0.600000   0.300000  0.400000  10
237    1.000000   0.300000  0.461538  10
238    0.888889   0.800000  0.842105  10
239    1.000000   0.600000  0.750000  10
240    1.000000   0.500000  0.666667  10
241    0.666667   0.200000  0.307692  10
242    0.800000   0.400000  0.533333  10
243    1.000000   0.800000  0.888889  10
244    0.333333   0.700000  0.451613  10
245    0.500000   0.600000  0.545455  10
246    0.181818   0.200000  0.190476  10
247    0.000000   0.000000  0.000000  10
248    0.260870   0.600000  0.363636  10
249    0.571429   0.800000  0.666667  10
250    1.000000   0.600000  0.750000  10
251    1.000000   0.500000  0.666667  10
252    0.714286   0.500000  0.588235  10
253    0.454545   0.500000  0.476190  10
254    0.714286   0.500000  0.588235  10
255    0.333333   0.400000  0.363636  10
256    0.086957   0.400000  0.142857  10
257    1.000000   0.400000  0.571429  10
258    1.000000   0.500000  0.666667  10
259    0.625000   0.500000  0.555556  10
260    1.000000   0.300000  0.461538  10
261    0.666667   0.400000  0.500000  10
262    0.625000   0.500000  0.555556  10
263    0.800000   0.800000  0.800000  10
264    0.900000   0.900000  0.900000  10
265    0.384615   0.500000  0.434783  10
266    0.800000   0.400000  0.533333  10
267    1.000000   0.400000  0.571429  10
268    0.428571   0.300000  0.352941  10
269    0.700000   0.700000  0.700000  10
270    0.562500   0.900000  0.692308  10
271    0.714286   0.500000  0.588235  10
272    1.000000   0.700000  0.823529  10
273    0.857143   0.600000  0.705882  10
274    1.000000   0.100000  0.181818  10
275    0.571429   0.400000  0.470588  10
276    0.833333   0.500000  0.625000  10
277    0.428571   0.600000  0.500000  10
278    0.500000   0.200000  0.285714  10
279    1.000000   0.800000  0.888889  10
280    0.285714   0.200000  0.235294  10
281    0.437500   0.700000  0.538462  10
282    1.000000   0.300000  0.461538  10
283    0.888889   0.800000  0.842105  10
284    0.291667   0.700000  0.411765  10
285    1.000000   0.500000  0.666667  10
286    0.800000   0.400000  0.533333  10
287    1.000000   0.400000  0.571429  10
288    0.700000   0.700000  0.700000  10
289    1.000000   0.400000  0.571429  10
290    0.500000   0.700000  0.583333  10
291    0.727273   0.800000  0.761905  10
292    1.000000   0.400000  0.571429  10
293    0.750000   0.600000  0.666667  10
294    0.750000   0.600000  0.666667  10
295    0.666667   0.600000  0.631579  10
296    1.000000   0.200000  0.333333  10
297    0.363636   0.800000  0.500000  10
298    0.750000   0.300000  0.428571  10
299    0.700000   0.700000  0.700000  10
300    0.642857   0.900000  0.750000  10
301    0.909091   1.000000  0.952381  10
302    1.000000   0.400000  0.571429  10
303    0.600000   0.600000  0.600000  10
304    1.000000   0.500000  0.666667  10
305    0.000000   0.000000  0.000000  10
306    0.666667   0.600000  0.631579  10
307    1.000000   0.900000  0.947368  10
308    0.333333   0.600000  0.428571  10
309    1.000000   0.200000  0.333333  10
310    1.000000   0.500000  0.666667  10
311    1.000000   0.500000  0.666667  10
312    1.000000   0.600000  0.750000  10
313    0.700000   0.700000  0.700000  10
314    1.000000   0.600000  0.750000  10
315    0.500000   0.100000  0.166667  10
316    0.666667   0.200000  0.307692  10
317    1.000000   0.200000  0.333333  10
318    1.000000   0.300000  0.461538  10
319    1.000000   0.700000  0.823529  10
320    1.000000   0.500000  0.666667  10
321    1.000000   0.700000  0.823529  10
322    0.266667   0.400000  0.320000  10
323    0.500000   0.200000  0.285714  10
324    1.000000   0.500000  0.666667  10
325    1.000000   0.500000  0.666667  10
326    0.833333   0.500000  0.625000  10
327    0.454545   0.500000  0.476190  10
328    0.380952   0.800000  0.516129  10
329    0.833333   0.500000  0.625000  10
330    0.500000   0.200000  0.285714  10
331    1.000000   0.500000  0.666667  10
332    0.000000   0.000000  0.000000  10
333    0.500000   0.100000  0.166667  10
334    0.750000   0.300000  0.428571  10
335    0.454545   0.500000  0.476190  10
336    0.238095   0.500000  0.322581  10
337    0.170213   0.800000  0.280702  10
338    0.116279   0.500000  0.188679  10
339    1.000000   0.300000  0.461538  10
340    1.000000   0.300000  0.461538  10
341    0.666667   0.200000  0.307692  10
342    0.909091   1.000000  0.952381  10
343    1.000000   0.300000  0.461538  10
344    1.000000   0.900000  0.947368  10
345    0.583333   0.700000  0.636364  10
346    0.000000   0.000000  0.000000  10
347    1.000000   0.400000  0.571429  10
348    0.875000   0.700000  0.777778  10
349    1.000000   0.100000  0.181818  10
350    0.888889   0.800000  0.842105  10
351    0.833333   0.500000  0.625000  10
352    0.800000   0.800000  0.800000  10
353    0.272727   0.600000  0.375000  10
354    1.000000   0.600000  0.750000  10
355    0.000000   0.000000  0.000000  10
356    0.571429   0.400000  0.470588  10
357    0.000000   0.000000  0.000000  10
358    0.600000   0.600000  0.600000  10
359    0.700000   0.700000  0.700000  10
360    1.000000   0.600000  0.750000  10
361    0.833333   0.500000  0.625000  10
362    0.909091   1.000000  0.952381  10
363    0.600000   0.300000  0.400000  10
364    0.500000   0.800000  0.615385  10
365    1.000000   0.300000  0.461538  10
366    1.000000   0.400000  0.571429  10
367    0.750000   0.300000  0.428571  10
368    0.800000   0.400000  0.533333  10
369    0.857143   0.600000  0.705882  10
370    0.727273   0.800000  0.761905  10
371    0.000000   0.000000  0.000000  10
372    0.333333   0.100000  0.153846  10
373    0.500000   0.200000  0.285714  10
374    1.000000   0.200000  0.333333  10
375    0.800000   0.400000  0.533333  10
376    0.750000   0.300000  0.428571  10
377    1.000000   0.100000  0.181818  10
378    1.000000   0.900000  0.947368  10
379    0.500000   0.200000  0.285714  10
380    1.000000   0.700000  0.823529  10
381    0.500000   0.200000  0.285714  10
382    0.500000   0.100000  0.166667  10
383    0.500000   0.400000  0.444444  10
384    0.666667   0.600000  0.631579  10
385    0.109589   0.800000  0.192771  10
386    0.160000   0.800000  0.266667  10
387    0.571429   0.400000  0.470588  10
388    0.285714   0.400000  0.333333  10
389    0.571429   0.400000  0.470588  10
390    0.555556   0.500000  0.526316  10
391    0.857143   0.600000  0.705882  10
392    0.750000   0.300000  0.428571  10
393    0.266667   0.400000  0.320000  10
394    0.800000   0.400000  0.533333  10
395    0.352941   0.600000  0.444444  10
396    0.500000   0.800000  0.615385  10
397    1.000000   0.700000  0.823529  10
398    0.296296   0.800000  0.432432  10
399    1.000000   0.100000  0.181818  10
400    1.000000   0.500000  0.666667  10
401    0.777778   0.700000  0.736842  10
402    0.750000   0.900000  0.818182  10
403    1.000000   0.700000  0.823529  10
404    0.700000   0.700000  0.700000  10
405    0.857143   0.600000  0.705882  10
406    0.500000   0.700000  0.583333  10
407    0.833333   0.500000  0.625000  10
408    0.000000   0.000000  0.000000  10
409    0.833333   0.500000  0.625000  10
410    0.200000   0.100000  0.133333  10
411    1.000000   0.800000  0.888889  10
412    1.000000   0.200000  0.333333  10
413    0.666667   0.600000  0.631579  10
414    0.400000   0.400000  0.400000  10
415    1.000000   0.600000  0.750000  10
416    0.888889   0.800000  0.842105  10
417    0.727273   0.800000  0.761905  10
418    1.000000   0.500000  0.666667  10
419    0.833333   0.500000  0.625000  10
420    0.750000   0.300000  0.428571  10
421    1.000000   0.100000  0.181818  10
422    1.000000   0.500000  0.666667  10
423    0.055556   0.100000  0.071429  10
424    1.000000   0.600000  0.750000  10
425    1.000000   0.500000  0.666667  10
426    0.857143   0.600000  0.705882  10
427    0.571429   0.800000  0.666667  10
428    1.000000   0.500000  0.666667  10
429    0.750000   0.300000  0.428571  10
430    0.500000   0.900000  0.642857  10
431    0.428571   0.300000  0.352941  10
432    0.615385   0.800000  0.695652  10
433    0.857143   0.600000  0.705882  10
434    1.000000   0.500000  0.666667  10
435    0.272727   0.300000  0.285714  10
436    0.000000   0.000000  0.000000  10
437    1.000000   0.300000  0.461538  10
438    0.636364   0.700000  0.666667  10
439    0.571429   0.400000  0.470588  10
440    0.555556   0.500000  0.526316  10
441    0.750000   0.600000  0.666667  10
442    0.250000   0.100000  0.142857  10
443    1.000000   1.000000  1.000000  10
444    0.051282   1.000000  0.097561  10
445    0.800000   0.800000  0.800000  10
446    0.285714   0.200000  0.235294  10
447    1.000000   0.200000  0.333333  10
448    1.000000   0.800000  0.888889  10
449    0.555556   0.500000  0.526316  10
450    0.692308   0.900000  0.782609  10
451    1.000000   0.400000  0.571429  10
452    0.750000   0.600000  0.666667  10
453    0.500000   0.400000  0.444444  10
454    1.000000   0.300000  0.461538  10
455    0.428571   0.300000  0.352941  10
456    0.454545   0.500000  0.476190  10
457    0.500000   0.800000  0.615385  10
458    0.750000   0.600000  0.666667  10
459    0.857143   0.600000  0.705882  10
460    1.000000   0.600000  0.750000  10
461    0.769231   1.000000  0.869565  10
462    1.000000   0.200000  0.333333  10
463    0.000000   0.000000  0.000000  10
464    0.533333   0.800000  0.640000  10
465    0.000000   0.000000  0.000000  10
466    0.333333   0.100000  0.153846  10
467    0.428571   0.300000  0.352941  10
468    0.307692   0.400000  0.347826  10
469    0.375000   0.300000  0.333333  10
470    0.600000   0.300000  0.400000  10
471    0.571429   0.400000  0.470588  10
472    0.272727   0.300000  0.285714  10
473    0.800000   0.400000  0.533333  10
474    1.000000   0.200000  0.333333  10
475    0.333333   0.100000  0.153846  10
476    0.833333   0.500000  0.625000  10
477    1.000000   0.600000  0.750000  10
478    0.285714   0.400000  0.333333  10
479    0.000000   0.000000  0.000000  10
480    0.115385   0.300000  0.166667  10
481    0.666667   0.600000  0.631579  10
482    0.142857   1.000000  0.250000  10
483    0.800000   0.400000  0.533333  10
484    1.000000   0.200000  0.333333  10
485    0.500000   0.900000  0.642857  10
486    1.000000   0.300000  0.461538  10
487    0.750000   0.300000  0.428571  10
488    0.400000   0.200000  0.266667  10
489    1.000000   0.600000  0.750000  10
490    0.625000   0.500000  0.555556  10
491    1.000000   0.400000  0.571429  10
492    0.257143   0.900000  0.400000  10
493    1.000000   0.400000  0.571429  10
494    0.388889   0.700000  0.500000  10
495    0.500000   0.300000  0.375000  10
496    0.500000   0.100000  0.166667  10
497    0.500000   0.200000  0.285714  10
498    0.100000   0.200000  0.133333  10
499    1.000000   0.500000  0.666667  10
