Test classification report
num_samples: 5000

Overall metrics
top1_accuracy: 0.820200 (82.02%)
top2_accuracy: 0.885800 (88.58%)
top3_accuracy: 0.912400 (91.24%)
top4_accuracy: 0.927400 (92.74%)
top5_accuracy: 0.938400 (93.84%)
macro_precision: 0.834258 (83.43%)
macro_recall: 0.820200 (82.02%)
macro_f1: 0.820282 (82.03%)

Per-class metrics
class  precision  recall  f1_score  support
000    1.000000   1.000000  1.000000  10
001    0.750000   0.900000  0.818182  10
002    0.777778   0.700000  0.736842  10
003    1.000000   0.800000  0.888889  10
004    1.000000   0.700000  0.823529  10
005    0.666667   0.800000  0.727273  10
006    0.857143   0.600000  0.705882  10
007    1.000000   0.900000  0.947368  10
008    0.700000   0.700000  0.700000  10
009    1.000000   1.000000  1.000000  10
010    0.833333   1.000000  0.909091  10
011    0.800000   0.800000  0.800000  10
012    0.833333   1.000000  0.909091  10
013    0.909091   1.000000  0.952381  10
014    1.000000   1.000000  1.000000  10
015    0.909091   1.000000  0.952381  10
016    0.900000   0.900000  0.900000  10
017    0.900000   0.900000  0.900000  10
018    0.909091   1.000000  0.952381  10
019    1.000000   0.900000  0.947368  10
020    1.000000   0.600000  0.750000  10
021    1.000000   1.000000  1.000000  10
022    0.875000   0.700000  0.777778  10
023    1.000000   1.000000  1.000000  10
024    0.909091   1.000000  0.952381  10
025    1.000000   1.000000  1.000000  10
026    0.875000   0.700000  0.777778  10
027    0.875000   0.700000  0.777778  10
028    1.000000   0.800000  0.888889  10
029    1.000000   1.000000  1.000000  10
030    0.769231   1.000000  0.869565  10
031    0.875000   0.700000  0.777778  10
032    1.000000   0.800000  0.888889  10
033    0.888889   0.800000  0.842105  10
034    1.000000   0.900000  0.947368  10
035    0.818182   0.900000  0.857143  10
036    0.833333   1.000000  0.909091  10
037    0.888889   0.800000  0.842105  10
038    0.818182   0.900000  0.857143  10
039    1.000000   0.700000  0.823529  10
040    0.900000   0.900000  0.900000  10
041    0.909091   1.000000  0.952381  10
042    1.000000   0.800000  0.888889  10
043    1.000000   1.000000  1.000000  10
044    0.900000   0.900000  0.900000  10
045    0.909091   1.000000  0.952381  10
046    0.900000   0.900000  0.900000  10
047    1.000000   0.800000  0.888889  10
048    1.000000   0.900000  0.947368  10
049    0.727273   0.800000  0.761905  10
050    0.818182   0.900000  0.857143  10
051    1.000000   0.900000  0.947368  10
052    1.000000   0.800000  0.888889  10
053    0.800000   0.800000  0.800000  10
054    0.888889   0.800000  0.842105  10
055    0.800000   0.800000  0.800000  10
056    0.888889   0.800000  0.842105  10
057    0.909091   1.000000  0.952381  10
058    1.000000   1.000000  1.000000  10
059    0.900000   0.900000  0.900000  10
060    0.909091   1.000000  0.952381  10
061    1.000000   1.000000  1.000000  10
062    1.000000   1.000000  1.000000  10
063    0.714286   1.000000  0.833333  10
064    0.700000   0.700000  0.700000  10
065    0.875000   0.700000  0.777778  10
066    1.000000   0.900000  0.947368  10
067    0.888889   0.800000  0.842105  10
068    1.000000   0.800000  0.888889  10
069    0.777778   0.700000  0.736842  10
070    0.909091   1.000000  0.952381  10
071    0.666667   0.800000  0.727273  10
072    0.909091   1.000000  0.952381  10
073    0.909091   1.000000  0.952381  10
074    0.800000   0.800000  0.800000  10
075    0.900000   0.900000  0.900000  10
076    1.000000   0.800000  0.888889  10
077    0.818182   0.900000  0.857143  10
078    0.900000   0.900000  0.900000  10
079    0.909091   1.000000  0.952381  10
080    1.000000   0.600000  0.750000  10
081    0.750000   0.900000  0.818182  10
082    0.714286   1.000000  0.833333  10
083    1.000000   0.900000  0.947368  10
084    0.454545   0.500000  0.476190  10
085    1.000000   1.000000  1.000000  10
086    0.666667   1.000000  0.800000  10
087    0.769231   1.000000  0.869565  10
088    0.727273   0.800000  0.761905  10
089    1.000000   1.000000  1.000000  10
090    0.857143   0.600000  0.705882  10
091    1.000000   1.000000  1.000000  10
092    0.900000   0.900000  0.900000  10
093    0.909091   1.000000  0.952381  10
094    0.583333   0.700000  0.636364  10
095    0.909091   1.000000  0.952381  10
096    1.000000   0.900000  0.947368  10
097    1.000000   0.900000  0.947368  10
098    0.909091   1.000000  0.952381  10
099    1.000000   0.900000  0.947368  10
100    0.857143   0.600000  0.705882  10
101    0.909091   1.000000  0.952381  10
102    1.000000   0.900000  0.947368  10
103    0.888889   0.800000  0.842105  10
104    0.857143   0.600000  0.705882  10
105    1.000000   0.900000  0.947368  10
106    0.777778   0.700000  0.736842  10
107    0.909091   1.000000  0.952381  10
108    0.900000   0.900000  0.900000  10
109    1.000000   0.900000  0.947368  10
110    1.000000   0.800000  0.888889  10
111    0.900000   0.900000  0.900000  10
112    1.000000   1.000000  1.000000  10
113    0.909091   1.000000  0.952381  10
114    0.909091   1.000000  0.952381  10
115    1.000000   0.900000  0.947368  10
116    1.000000   1.000000  1.000000  10
117    1.000000   1.000000  1.000000  10
118    1.000000   0.900000  0.947368  10
119    1.000000   0.700000  0.823529  10
120    1.000000   0.900000  0.947368  10
121    0.666667   0.800000  0.727273  10
122    0.857143   0.600000  0.705882  10
123    0.750000   0.900000  0.818182  10
124    1.000000   1.000000  1.000000  10
125    0.888889   0.800000  0.842105  10
126    0.875000   0.700000  0.777778  10
127    0.714286   1.000000  0.833333  10
128    0.750000   0.600000  0.666667  10
129    0.875000   0.700000  0.777778  10
130    0.636364   0.700000  0.666667  10
131    0.600000   0.600000  0.600000  10
132    0.875000   0.700000  0.777778  10
133    0.777778   0.700000  0.736842  10
134    1.000000   0.800000  0.888889  10
135    0.818182   0.900000  0.857143  10
136    0.666667   0.800000  0.727273  10
137    0.777778   0.700000  0.736842  10
138    0.727273   0.800000  0.761905  10
139    0.714286   0.500000  0.588235  10
140    0.666667   0.800000  0.727273  10
141    0.888889   0.800000  0.842105  10
142    1.000000   0.900000  0.947368  10
143    0.555556   0.500000  0.526316  10
144    0.833333   1.000000  0.909091  10
145    0.909091   1.000000  0.952381  10
146    1.000000   0.900000  0.947368  10
147    1.000000   0.800000  0.888889  10
148    0.909091   1.000000  0.952381  10
149    1.000000   0.900000  0.947368  10
150    0.833333   1.000000  0.909091  10
151    1.000000   1.000000  1.000000  10
152    0.900000   0.900000  0.900000  10
153    1.000000   1.000000  1.000000  10
154    1.000000   0.900000  0.947368  10
155    1.000000   0.500000  0.666667  10
156    0.500000   0.600000  0.545455  10
157    0.500000   0.500000  0.500000  10
158    0.600000   0.600000  0.600000  10
159    0.750000   0.600000  0.666667  10
160    0.700000   0.700000  0.700000  10
161    0.444444   0.400000  0.421053  10
162    0.800000   0.800000  0.800000  10
163    0.833333   1.000000  0.909091  10
164    0.750000   0.900000  0.818182  10
165    0.636364   0.700000  0.666667  10
166    0.454545   0.500000  0.476190  10
167    1.000000   0.800000  0.888889  10
168    1.000000   0.800000  0.888889  10
169    0.588235   1.000000  0.740741  10
170    0.818182   0.900000  0.857143  10
171    0.875000   0.700000  0.777778  10
172    0.900000   0.900000  0.900000  10
173    0.750000   0.900000  0.818182  10
174    0.700000   0.700000  0.700000  10
175    0.700000   0.700000  0.700000  10
176    0.875000   0.700000  0.777778  10
177    0.777778   0.700000  0.736842  10
178    0.750000   0.600000  0.666667  10
179    0.818182   0.900000  0.857143  10
180    0.666667   0.600000  0.631579  10
181    0.800000   0.800000  0.800000  10
182    0.600000   0.600000  0.600000  10
183    0.888889   0.800000  0.842105  10
184    1.000000   0.800000  0.888889  10
185    0.692308   0.900000  0.782609  10
186    0.750000   0.900000  0.818182  10
187    0.666667   0.800000  0.727273  10
188    0.750000   0.600000  0.666667  10
189    1.000000   1.000000  1.000000  10
190    0.615385   0.800000  0.695652  10
191    1.000000   0.700000  0.823529  10
192    1.000000   0.700000  0.823529  10
193    0.888889   0.800000  0.842105  10
194    0.888889   0.800000  0.842105  10
195    0.750000   0.600000  0.666667  10
196    0.900000   0.900000  0.900000  10
197    0.416667   0.500000  0.454545  10
198    0.600000   0.600000  0.600000  10
199    0.666667   0.800000  0.727273  10
200    0.818182   0.900000  0.857143  10
201    0.875000   0.700000  0.777778  10
202    0.437500   0.700000  0.538462  10
203    0.384615   0.500000  0.434783  10
204    0.700000   0.700000  0.700000  10
205    1.000000   0.900000  0.947368  10
206    0.714286   0.500000  0.588235  10
207    0.777778   0.700000  0.736842  10
208    0.833333   1.000000  0.909091  10
209    0.700000   0.700000  0.700000  10
210    0.750000   0.900000  0.818182  10
211    0.769231   1.000000  0.869565  10
212    0.777778   0.700000  0.736842  10
213    1.000000   0.600000  0.750000  10
214    0.888889   0.800000  0.842105  10
215    1.000000   0.900000  0.947368  10
216    0.888889   0.800000  0.842105  10
217    0.714286   0.500000  0.588235  10
218    0.909091   1.000000  0.952381  10
219    0.800000   0.800000  0.800000  10
220    0.583333   0.700000  0.636364  10
221    1.000000   1.000000  1.000000  10
222    1.000000   0.900000  0.947368  10
223    1.000000   1.000000  1.000000  10
224    0.777778   0.700000  0.736842  10
225    0.800000   0.800000  0.800000  10
226    0.888889   0.800000  0.842105  10
227    0.666667   0.600000  0.631579  10
228    0.700000   0.700000  0.700000  10
229    0.750000   0.900000  0.818182  10
230    0.700000   0.700000  0.700000  10
231    1.000000   0.600000  0.750000  10
232    0.600000   0.600000  0.600000  10
233    0.833333   0.500000  0.625000  10
234    0.777778   0.700000  0.736842  10
235    0.888889   0.800000  0.842105  10
236    0.777778   0.700000  0.736842  10
237    1.000000   0.700000  0.823529  10
238    0.909091   1.000000  0.952381  10
239    0.727273   0.800000  0.761905  10
240    1.000000   0.700000  0.823529  10
241    0.818182   0.900000  0.857143  10
242    0.727273   0.800000  0.761905  10
243    1.000000   1.000000  1.000000  10
244    0.700000   0.700000  0.700000  10
245    0.857143   0.600000  0.705882  10
246    0.545455   0.600000  0.571429  10
247    0.400000   0.400000  0.400000  10
248    0.800000   0.800000  0.800000  10
249    1.000000   0.800000  0.888889  10
250    0.857143   0.600000  0.705882  10
251    1.000000   1.000000  1.000000  10
252    1.000000   0.800000  0.888889  10
253    0.750000   0.900000  0.818182  10
254    0.818182   0.900000  0.857143  10
255    1.000000   0.900000  0.947368  10
256    0.750000   0.600000  0.666667  10
257    0.666667   1.000000  0.800000  10
258    1.000000   0.500000  0.666667  10
259    0.615385   0.800000  0.695652  10
260    0.777778   0.700000  0.736842  10
261    1.000000   1.000000  1.000000  10
262    0.900000   0.900000  0.900000  10
263    0.909091   1.000000  0.952381  10
264    0.909091   1.000000  0.952381  10
265    0.857143   0.600000  0.705882  10
266    0.818182   0.900000  0.857143  10
267    0.888889   0.800000  0.842105  10
268    0.909091   1.000000  0.952381  10
269    0.833333   1.000000  0.909091  10
270    1.000000   0.900000  0.947368  10
271    0.636364   0.700000  0.666667  10
272    1.000000   0.900000  0.947368  10
273    0.833333   1.000000  0.909091  10
274    0.900000   0.900000  0.900000  10
275    0.900000   0.900000  0.900000  10
276    0.727273   0.800000  0.761905  10
277    0.909091   1.000000  0.952381  10
278    0.555556   0.500000  0.526316  10
279    1.000000   1.000000  1.000000  10
280    1.000000   0.900000  0.947368  10
281    0.818182   0.900000  0.857143  10
282    0.909091   1.000000  0.952381  10
283    1.000000   1.000000  1.000000  10
284    0.900000   0.900000  0.900000  10
285    1.000000   0.900000  0.947368  10
286    0.800000   0.800000  0.800000  10
287    0.888889   0.800000  0.842105  10
288    0.909091   1.000000  0.952381  10
289    1.000000   0.800000  0.888889  10
290    0.888889   0.800000  0.842105  10
291    0.909091   1.000000  0.952381  10
292    0.833333   1.000000  0.909091  10
293    0.875000   0.700000  0.777778  10
294    0.625000   1.000000  0.769231  10
295    0.750000   0.600000  0.666667  10
296    0.875000   0.700000  0.777778  10
297    0.800000   0.800000  0.800000  10
298    1.000000   1.000000  1.000000  10
299    0.900000   0.900000  0.900000  10
300    0.750000   0.900000  0.818182  10
301    1.000000   1.000000  1.000000  10
302    0.833333   1.000000  0.909091  10
303    0.833333   1.000000  0.909091  10
304    0.833333   1.000000  0.909091  10
305    1.000000   0.700000  0.823529  10
306    1.000000   0.800000  0.888889  10
307    1.000000   0.900000  0.947368  10
308    0.666667   0.800000  0.727273  10
309    0.900000   0.900000  0.900000  10
310    1.000000   0.800000  0.888889  10
311    0.900000   0.900000  0.900000  10
312    0.833333   1.000000  0.909091  10
313    1.000000   0.700000  0.823529  10
314    0.875000   0.700000  0.777778  10
315    0.750000   0.900000  0.818182  10
316    0.692308   0.900000  0.782609  10
317    0.857143   0.600000  0.705882  10
318    0.818182   0.900000  0.857143  10
319    1.000000   0.800000  0.888889  10
320    1.000000   0.900000  0.947368  10
321    1.000000   0.900000  0.947368  10
322    0.428571   0.600000  0.500000  10
323    0.777778   0.700000  0.736842  10
324    0.750000   0.900000  0.818182  10
325    0.666667   0.600000  0.631579  10
326    0.800000   0.800000  0.800000  10
327    0.900000   0.900000  0.900000  10
328    0.769231   1.000000  0.869565  10
329    1.000000   1.000000  1.000000  10
330    0.900000   0.900000  0.900000  10
331    0.900000   0.900000  0.900000  10
332    0.692308   0.900000  0.782609  10
333    0.714286   0.500000  0.588235  10
334    0.888889   0.800000  0.842105  10
335    0.636364   0.700000  0.666667  10
336    0.875000   0.700000  0.777778  10
337    0.875000   0.700000  0.777778  10
338    0.700000   0.700000  0.700000  10
339    0.750000   0.900000  0.818182  10
340    0.900000   0.900000  0.900000  10
341    0.818182   0.900000  0.857143  10
342    0.833333   1.000000  0.909091  10
343    0.833333   1.000000  0.909091  10
344    1.000000   0.900000  0.947368  10
345    0.888889   0.800000  0.842105  10
346    0.666667   0.600000  0.631579  10
347    0.777778   0.700000  0.736842  10
348    1.000000   0.800000  0.888889  10
349    0.700000   0.700000  0.700000  10
350    0.909091   1.000000  0.952381  10
351    1.000000   0.600000  0.750000  10
352    1.000000   0.900000  0.947368  10
353    0.538462   0.700000  0.608696  10
354    0.600000   0.600000  0.600000  10
355    0.562500   0.900000  0.692308  10
356    0.888889   0.800000  0.842105  10
357    0.666667   0.800000  0.727273  10
358    0.818182   0.900000  0.857143  10
359    0.800000   0.800000  0.800000  10
360    0.888889   0.800000  0.842105  10
361    0.888889   0.800000  0.842105  10
362    1.000000   0.900000  0.947368  10
363    0.666667   0.800000  0.727273  10
364    0.888889   0.800000  0.842105  10
365    1.000000   0.900000  0.947368  10
366    0.818182   0.900000  0.857143  10
367    0.900000   0.900000  0.900000  10
368    0.800000   0.800000  0.800000  10
369    1.000000   0.900000  0.947368  10
370    0.909091   1.000000  0.952381  10
371    0.692308   0.900000  0.782609  10
372    0.888889   0.800000  0.842105  10
373    1.000000   0.900000  0.947368  10
374    0.777778   0.700000  0.736842  10
375    0.909091   1.000000  0.952381  10
376    1.000000   1.000000  1.000000  10
377    1.000000   0.900000  0.947368  10
378    0.900000   0.900000  0.900000  10
379    0.909091   1.000000  0.952381  10
380    0.833333   1.000000  0.909091  10
381    0.777778   0.700000  0.736842  10
382    0.909091   1.000000  0.952381  10
383    0.454545   0.500000  0.476190  10
384    0.900000   0.900000  0.900000  10
385    0.500000   0.800000  0.615385  10
386    0.900000   0.900000  0.900000  10
387    0.818182   0.900000  0.857143  10
388    0.600000   0.600000  0.600000  10
389    0.538462   0.700000  0.608696  10
390    0.833333   0.500000  0.625000  10
391    0.583333   0.700000  0.636364  10
392    0.750000   0.600000  0.666667  10
393    0.571429   0.800000  0.666667  10
394    1.000000   0.600000  0.750000  10
395    0.600000   0.600000  0.600000  10
396    0.909091   1.000000  0.952381  10
397    1.000000   1.000000  1.000000  10
398    0.800000   0.800000  0.800000  10
399    0.800000   0.800000  0.800000  10
400    0.800000   0.800000  0.800000  10
401    0.818182   0.900000  0.857143  10
402    0.833333   1.000000  0.909091  10
403    1.000000   0.800000  0.888889  10
404    1.000000   1.000000  1.000000  10
405    0.666667   1.000000  0.800000  10
406    0.909091   1.000000  0.952381  10
407    0.800000   0.800000  0.800000  10
408    0.538462   0.700000  0.608696  10
409    1.000000   0.900000  0.947368  10
410    0.500000   0.500000  0.500000  10
411    0.818182   0.900000  0.857143  10
412    1.000000   0.900000  0.947368  10
413    0.909091   1.000000  0.952381  10
414    0.545455   0.600000  0.571429  10
415    1.000000   0.800000  0.888889  10
416    0.909091   1.000000  0.952381  10
417    1.000000   0.900000  0.947368  10
418    0.769231   1.000000  0.869565  10
419    1.000000   0.900000  0.947368  10
420    1.000000   0.900000  0.947368  10
421    1.000000   0.900000  0.947368  10
422    0.777778   0.700000  0.736842  10
423    1.000000   0.700000  0.823529  10
424    1.000000   1.000000  1.000000  10
425    0.909091   1.000000  0.952381  10
426    1.000000   0.800000  0.888889  10
427    0.833333   1.000000  0.909091  10
428    0.777778   0.700000  0.736842  10
429    0.750000   0.600000  0.666667  10
430    1.000000   0.900000  0.947368  10
431    0.583333   0.700000  0.636364  10
432    0.900000   0.900000  0.900000  10
433    1.000000   0.800000  0.888889  10
434    1.000000   0.800000  0.888889  10
435    0.818182   0.900000  0.857143  10
436    1.000000   0.700000  0.823529  10
437    0.666667   0.800000  0.727273  10
438    0.777778   0.700000  0.736842  10
439    0.777778   0.700000  0.736842  10
440    1.000000   0.900000  0.947368  10
441    0.583333   0.700000  0.636364  10
442    0.461538   0.600000  0.521739  10
443    1.000000   1.000000  1.000000  10
444    0.727273   0.800000  0.761905  10
445    1.000000   0.900000  0.947368  10
446    0.777778   0.700000  0.736842  10
447    1.000000   0.800000  0.888889  10
448    1.000000   0.800000  0.888889  10
449    0.437500   0.700000  0.538462  10
450    0.909091   1.000000  0.952381  10
451    0.777778   0.700000  0.736842  10
452    0.750000   0.900000  0.818182  10
453    0.700000   0.700000  0.700000  10
454    1.000000   0.900000  0.947368  10
455    0.600000   0.300000  0.400000  10
456    0.500000   0.700000  0.583333  10
457    1.000000   1.000000  1.000000  10
458    0.777778   0.700000  0.736842  10
459    1.000000   0.900000  0.947368  10
460    0.769231   1.000000  0.869565  10
461    1.000000   0.900000  0.947368  10
462    0.888889   0.800000  0.842105  10
463    0.692308   0.900000  0.782609  10
464    0.727273   0.800000  0.761905  10
465    0.727273   0.800000  0.761905  10
466    0.500000   0.400000  0.444444  10
467    0.857143   0.600000  0.705882  10
468    0.615385   0.800000  0.695652  10
469    0.714286   1.000000  0.833333  10
470    0.545455   0.600000  0.571429  10
471    0.727273   0.800000  0.761905  10
472    0.600000   0.600000  0.600000  10
473    0.615385   0.800000  0.695652  10
474    0.857143   0.600000  0.705882  10
475    0.750000   0.900000  0.818182  10
476    0.727273   0.800000  0.761905  10
477    0.666667   0.800000  0.727273  10
478    0.636364   0.700000  0.666667  10
479    0.533333   0.800000  0.640000  10
480    0.545455   0.600000  0.571429  10
481    0.666667   0.600000  0.631579  10
482    0.818182   0.900000  0.857143  10
483    0.769231   1.000000  0.869565  10
484    0.562500   0.900000  0.692308  10
485    0.833333   1.000000  0.909091  10
486    0.800000   0.800000  0.800000  10
487    0.818182   0.900000  0.857143  10
488    0.642857   0.900000  0.750000  10
489    1.000000   0.900000  0.947368  10
490    0.833333   0.500000  0.625000  10
491    1.000000   0.800000  0.888889  10
492    0.900000   0.900000  0.900000  10
493    0.888889   0.800000  0.842105  10
494    0.666667   0.600000  0.631579  10
495    0.444444   0.400000  0.421053  10
496    0.727273   0.800000  0.761905  10
497    0.500000   0.300000  0.375000  10
498    0.833333   1.000000  0.909091  10
499    0.777778   0.700000  0.736842  10
