Test classification report: validation-selected ensemble
num_samples: 5000
weights: cbp=0.066335, api=0.184994, api_from_cbp=0.278367, cbp_api_from_cbp=0.470305
fusion_space: logits
weights_selected_on: validation only

Overall metrics
top1_accuracy: 0.850800 (85.08%)
top2_accuracy: 0.909800 (90.98%)
top3_accuracy: 0.928600 (92.86%)
top4_accuracy: 0.938600 (93.86%)
top5_accuracy: 0.946600 (94.66%)
macro_precision: 0.863222 (86.32%)
macro_recall: 0.850800 (85.08%)
macro_f1: 0.850648 (85.06%)

Per-class metrics
class  precision  recall  f1_score  support
000    1.000000   1.000000  1.000000  10
001    0.800000   0.800000  0.800000  10
002    0.636364   0.700000  0.666667  10
003    1.000000   0.800000  0.888889  10
004    0.888889   0.800000  0.842105  10
005    0.818182   0.900000  0.857143  10
006    0.800000   0.800000  0.800000  10
007    0.909091   1.000000  0.952381  10
008    0.888889   0.800000  0.842105  10
009    1.000000   1.000000  1.000000  10
010    1.000000   1.000000  1.000000  10
011    0.888889   0.800000  0.842105  10
012    1.000000   1.000000  1.000000  10
013    0.909091   1.000000  0.952381  10
014    1.000000   1.000000  1.000000  10
015    1.000000   0.900000  0.947368  10
016    0.818182   0.900000  0.857143  10
017    1.000000   0.900000  0.947368  10
018    0.909091   1.000000  0.952381  10
019    1.000000   1.000000  1.000000  10
020    1.000000   0.700000  0.823529  10
021    1.000000   1.000000  1.000000  10
022    0.857143   0.600000  0.705882  10
023    0.714286   1.000000  0.833333  10
024    0.909091   1.000000  0.952381  10
025    0.909091   1.000000  0.952381  10
026    0.875000   0.700000  0.777778  10
027    1.000000   0.900000  0.947368  10
028    1.000000   0.800000  0.888889  10
029    1.000000   1.000000  1.000000  10
030    0.909091   1.000000  0.952381  10
031    0.800000   0.800000  0.800000  10
032    1.000000   0.900000  0.947368  10
033    1.000000   0.800000  0.888889  10
034    0.818182   0.900000  0.857143  10
035    0.769231   1.000000  0.869565  10
036    0.769231   1.000000  0.869565  10
037    1.000000   0.900000  0.947368  10
038    1.000000   0.900000  0.947368  10
039    0.900000   0.900000  0.900000  10
040    0.900000   0.900000  0.900000  10
041    0.909091   1.000000  0.952381  10
042    1.000000   0.800000  0.888889  10
043    1.000000   0.900000  0.947368  10
044    0.900000   0.900000  0.900000  10
045    0.909091   1.000000  0.952381  10
046    0.909091   1.000000  0.952381  10
047    0.909091   1.000000  0.952381  10
048    1.000000   1.000000  1.000000  10
049    0.888889   0.800000  0.842105  10
050    1.000000   1.000000  1.000000  10
051    1.000000   1.000000  1.000000  10
052    0.875000   0.700000  0.777778  10
053    1.000000   1.000000  1.000000  10
054    0.818182   0.900000  0.857143  10
055    0.900000   0.900000  0.900000  10
056    0.909091   1.000000  0.952381  10
057    0.909091   1.000000  0.952381  10
058    1.000000   1.000000  1.000000  10
059    1.000000   0.900000  0.947368  10
060    1.000000   1.000000  1.000000  10
061    1.000000   1.000000  1.000000  10
062    1.000000   1.000000  1.000000  10
063    0.833333   1.000000  0.909091  10
064    0.888889   0.800000  0.842105  10
065    1.000000   0.800000  0.888889  10
066    0.909091   1.000000  0.952381  10
067    1.000000   0.700000  0.823529  10
068    1.000000   0.900000  0.947368  10
069    0.800000   0.800000  0.800000  10
070    1.000000   1.000000  1.000000  10
071    0.900000   0.900000  0.900000  10
072    0.909091   1.000000  0.952381  10
073    0.833333   1.000000  0.909091  10
074    0.833333   1.000000  0.909091  10
075    1.000000   0.900000  0.947368  10
076    0.888889   0.800000  0.842105  10
077    0.909091   1.000000  0.952381  10
078    0.818182   0.900000  0.857143  10
079    0.909091   1.000000  0.952381  10
080    1.000000   0.900000  0.947368  10
081    0.900000   0.900000  0.900000  10
082    1.000000   1.000000  1.000000  10
083    1.000000   1.000000  1.000000  10
084    0.875000   0.700000  0.777778  10
085    1.000000   1.000000  1.000000  10
086    0.900000   0.900000  0.900000  10
087    0.909091   1.000000  0.952381  10
088    0.800000   0.800000  0.800000  10
089    0.909091   1.000000  0.952381  10
090    1.000000   0.700000  0.823529  10
091    1.000000   1.000000  1.000000  10
092    0.900000   0.900000  0.900000  10
093    0.909091   1.000000  0.952381  10
094    0.562500   0.900000  0.692308  10
095    1.000000   1.000000  1.000000  10
096    1.000000   0.900000  0.947368  10
097    1.000000   0.900000  0.947368  10
098    1.000000   0.900000  0.947368  10
099    1.000000   0.900000  0.947368  10
100    0.888889   0.800000  0.842105  10
101    1.000000   1.000000  1.000000  10
102    1.000000   0.800000  0.888889  10
103    0.875000   0.700000  0.777778  10
104    1.000000   0.700000  0.823529  10
105    1.000000   0.800000  0.888889  10
106    0.800000   0.800000  0.800000  10
107    1.000000   1.000000  1.000000  10
108    1.000000   0.900000  0.947368  10
109    1.000000   0.900000  0.947368  10
110    1.000000   0.900000  0.947368  10
111    1.000000   0.800000  0.888889  10
112    1.000000   1.000000  1.000000  10
113    0.909091   1.000000  0.952381  10
114    0.909091   1.000000  0.952381  10
115    0.818182   0.900000  0.857143  10
116    1.000000   1.000000  1.000000  10
117    0.833333   1.000000  0.909091  10
118    0.900000   0.900000  0.900000  10
119    1.000000   0.700000  0.823529  10
120    1.000000   0.900000  0.947368  10
121    0.571429   0.800000  0.666667  10
122    0.800000   0.400000  0.533333  10
123    0.888889   0.800000  0.842105  10
124    1.000000   1.000000  1.000000  10
125    1.000000   0.800000  0.888889  10
126    1.000000   0.900000  0.947368  10
127    0.900000   0.900000  0.900000  10
128    0.800000   0.800000  0.800000  10
129    1.000000   0.900000  0.947368  10
130    0.727273   0.800000  0.761905  10
131    0.600000   0.600000  0.600000  10
132    1.000000   0.900000  0.947368  10
133    1.000000   0.800000  0.888889  10
134    1.000000   0.900000  0.947368  10
135    0.909091   1.000000  0.952381  10
136    0.800000   0.800000  0.800000  10
137    0.909091   1.000000  0.952381  10
138    0.888889   0.800000  0.842105  10
139    0.777778   0.700000  0.736842  10
140    0.900000   0.900000  0.900000  10
141    1.000000   1.000000  1.000000  10
142    1.000000   0.800000  0.888889  10
143    0.750000   0.600000  0.666667  10
144    0.833333   1.000000  0.909091  10
145    0.909091   1.000000  0.952381  10
146    1.000000   0.900000  0.947368  10
147    0.818182   0.900000  0.857143  10
148    1.000000   1.000000  1.000000  10
149    1.000000   0.900000  0.947368  10
150    0.909091   1.000000  0.952381  10
151    0.909091   1.000000  0.952381  10
152    0.818182   0.900000  0.857143  10
153    1.000000   1.000000  1.000000  10
154    1.000000   1.000000  1.000000  10
155    1.000000   0.600000  0.750000  10
156    0.636364   0.700000  0.666667  10
157    0.571429   0.400000  0.470588  10
158    0.583333   0.700000  0.636364  10
159    0.727273   0.800000  0.761905  10
160    0.857143   0.600000  0.705882  10
161    0.416667   0.500000  0.454545  10
162    1.000000   0.900000  0.947368  10
163    0.909091   1.000000  0.952381  10
164    0.750000   0.900000  0.818182  10
165    0.583333   0.700000  0.636364  10
166    0.583333   0.700000  0.636364  10
167    1.000000   0.800000  0.888889  10
168    1.000000   0.900000  0.947368  10
169    0.900000   0.900000  0.900000  10
170    1.000000   1.000000  1.000000  10
171    0.727273   0.800000  0.761905  10
172    1.000000   0.800000  0.888889  10
173    0.727273   0.800000  0.761905  10
174    0.666667   0.600000  0.631579  10
175    0.888889   0.800000  0.842105  10
176    0.875000   0.700000  0.777778  10
177    0.900000   0.900000  0.900000  10
178    0.727273   0.800000  0.761905  10
179    0.727273   0.800000  0.761905  10
180    1.000000   0.600000  0.750000  10
181    0.666667   1.000000  0.800000  10
182    0.600000   0.600000  0.600000  10
183    0.909091   1.000000  0.952381  10
184    1.000000   0.800000  0.888889  10
185    0.700000   0.700000  0.700000  10
186    0.750000   0.900000  0.818182  10
187    0.625000   0.500000  0.555556  10
188    0.636364   0.700000  0.666667  10
189    1.000000   1.000000  1.000000  10
190    0.571429   0.800000  0.666667  10
191    0.888889   0.800000  0.842105  10
192    0.875000   0.700000  0.777778  10
193    0.833333   0.500000  0.625000  10
194    0.727273   0.800000  0.761905  10
195    0.777778   0.700000  0.736842  10
196    0.909091   1.000000  0.952381  10
197    0.500000   0.600000  0.545455  10
198    0.888889   0.800000  0.842105  10
199    0.800000   0.800000  0.800000  10
200    0.900000   0.900000  0.900000  10
201    0.777778   0.700000  0.736842  10
202    0.571429   0.800000  0.666667  10
203    0.714286   0.500000  0.588235  10
204    0.636364   0.700000  0.666667  10
205    1.000000   1.000000  1.000000  10
206    0.857143   0.600000  0.705882  10
207    0.818182   0.900000  0.857143  10
208    0.888889   0.800000  0.842105  10
209    0.727273   0.800000  0.761905  10
210    0.714286   1.000000  0.833333  10
211    0.909091   1.000000  0.952381  10
212    0.777778   0.700000  0.736842  10
213    1.000000   0.600000  0.750000  10
214    0.777778   0.700000  0.736842  10
215    0.900000   0.900000  0.900000  10
216    0.800000   0.800000  0.800000  10
217    0.777778   0.700000  0.736842  10
218    0.900000   0.900000  0.900000  10
219    1.000000   0.700000  0.823529  10
220    0.615385   0.800000  0.695652  10
221    0.900000   0.900000  0.900000  10
222    1.000000   0.900000  0.947368  10
223    1.000000   1.000000  1.000000  10
224    0.777778   0.700000  0.736842  10
225    0.714286   1.000000  0.833333  10
226    0.909091   1.000000  0.952381  10
227    0.714286   0.500000  0.588235  10
228    0.750000   0.600000  0.666667  10
229    0.818182   0.900000  0.857143  10
230    0.888889   0.800000  0.842105  10
231    1.000000   0.700000  0.823529  10
232    0.692308   0.900000  0.782609  10
233    0.700000   0.700000  0.700000  10
234    0.777778   0.700000  0.736842  10
235    1.000000   0.800000  0.888889  10
236    0.727273   0.800000  0.761905  10
237    1.000000   0.700000  0.823529  10
238    1.000000   1.000000  1.000000  10
239    0.900000   0.900000  0.900000  10
240    1.000000   0.800000  0.888889  10
241    0.818182   0.900000  0.857143  10
242    0.888889   0.800000  0.842105  10
243    1.000000   1.000000  1.000000  10
244    0.727273   0.800000  0.761905  10
245    0.888889   0.800000  0.842105  10
246    0.666667   0.600000  0.631579  10
247    0.833333   0.500000  0.625000  10
248    0.875000   0.700000  0.777778  10
249    1.000000   0.800000  0.888889  10
250    1.000000   0.800000  0.888889  10
251    1.000000   1.000000  1.000000  10
252    1.000000   0.900000  0.947368  10
253    0.636364   0.700000  0.666667  10
254    0.692308   0.900000  0.782609  10
255    1.000000   0.900000  0.947368  10
256    0.500000   0.500000  0.500000  10
257    0.714286   1.000000  0.833333  10
258    1.000000   0.800000  0.888889  10
259    0.800000   0.800000  0.800000  10
260    0.900000   0.900000  0.900000  10
261    0.909091   1.000000  0.952381  10
262    1.000000   1.000000  1.000000  10
263    1.000000   1.000000  1.000000  10
264    1.000000   1.000000  1.000000  10
265    0.857143   0.600000  0.705882  10
266    0.818182   0.900000  0.857143  10
267    0.909091   1.000000  0.952381  10
268    0.642857   0.900000  0.750000  10
269    0.909091   1.000000  0.952381  10
270    1.000000   1.000000  1.000000  10
271    0.583333   0.700000  0.636364  10
272    1.000000   1.000000  1.000000  10
273    0.769231   1.000000  0.869565  10
274    1.000000   0.900000  0.947368  10
275    1.000000   0.900000  0.947368  10
276    0.642857   0.900000  0.750000  10
277    1.000000   1.000000  1.000000  10
278    0.875000   0.700000  0.777778  10
279    0.909091   1.000000  0.952381  10
280    0.769231   1.000000  0.869565  10
281    1.000000   0.900000  0.947368  10
282    0.900000   0.900000  0.900000  10
283    1.000000   0.900000  0.947368  10
284    0.818182   0.900000  0.857143  10
285    1.000000   1.000000  1.000000  10
286    0.900000   0.900000  0.900000  10
287    0.888889   0.800000  0.842105  10
288    0.818182   0.900000  0.857143  10
289    1.000000   0.800000  0.888889  10
290    1.000000   0.800000  0.888889  10
291    1.000000   1.000000  1.000000  10
292    0.909091   1.000000  0.952381  10
293    1.000000   0.800000  0.888889  10
294    0.818182   0.900000  0.857143  10
295    0.727273   0.800000  0.761905  10
296    0.800000   0.800000  0.800000  10
297    0.900000   0.900000  0.900000  10
298    0.833333   1.000000  0.909091  10
299    0.769231   1.000000  0.869565  10
300    0.888889   0.800000  0.842105  10
301    1.000000   1.000000  1.000000  10
302    0.714286   1.000000  0.833333  10
303    1.000000   1.000000  1.000000  10
304    1.000000   1.000000  1.000000  10
305    0.888889   0.800000  0.842105  10
306    0.818182   0.900000  0.857143  10
307    1.000000   1.000000  1.000000  10
308    0.583333   0.700000  0.636364  10
309    0.769231   1.000000  0.869565  10
310    1.000000   0.900000  0.947368  10
311    1.000000   0.900000  0.947368  10
312    0.818182   0.900000  0.857143  10
313    0.800000   0.800000  0.800000  10
314    0.888889   0.800000  0.842105  10
315    0.818182   0.900000  0.857143  10
316    0.818182   0.900000  0.857143  10
317    1.000000   0.900000  0.947368  10
318    0.800000   0.800000  0.800000  10
319    1.000000   0.900000  0.947368  10
320    1.000000   1.000000  1.000000  10
321    0.900000   0.900000  0.900000  10
322    0.500000   0.500000  0.500000  10
323    0.700000   0.700000  0.700000  10
324    0.750000   0.900000  0.818182  10
325    0.875000   0.700000  0.777778  10
326    1.000000   1.000000  1.000000  10
327    0.818182   0.900000  0.857143  10
328    0.714286   1.000000  0.833333  10
329    1.000000   1.000000  1.000000  10
330    0.800000   0.800000  0.800000  10
331    1.000000   1.000000  1.000000  10
332    0.800000   0.800000  0.800000  10
333    0.750000   0.600000  0.666667  10
334    0.777778   0.700000  0.736842  10
335    1.000000   0.600000  0.750000  10
336    0.700000   0.700000  0.700000  10
337    0.800000   0.800000  0.800000  10
338    0.700000   0.700000  0.700000  10
339    0.900000   0.900000  0.900000  10
340    0.833333   1.000000  0.909091  10
341    0.769231   1.000000  0.869565  10
342    0.833333   1.000000  0.909091  10
343    1.000000   1.000000  1.000000  10
344    1.000000   0.900000  0.947368  10
345    0.888889   0.800000  0.842105  10
346    0.714286   0.500000  0.588235  10
347    0.642857   0.900000  0.750000  10
348    0.888889   0.800000  0.842105  10
349    0.857143   0.600000  0.705882  10
350    1.000000   1.000000  1.000000  10
351    1.000000   0.700000  0.823529  10
352    1.000000   0.900000  0.947368  10
353    0.777778   0.700000  0.736842  10
354    0.636364   0.700000  0.666667  10
355    0.900000   0.900000  0.900000  10
356    0.888889   0.800000  0.842105  10
357    0.818182   0.900000  0.857143  10
358    0.769231   1.000000  0.869565  10
359    1.000000   0.800000  0.888889  10
360    0.727273   0.800000  0.761905  10
361    0.714286   1.000000  0.833333  10
362    1.000000   1.000000  1.000000  10
363    0.777778   0.700000  0.736842  10
364    1.000000   0.900000  0.947368  10
365    0.818182   0.900000  0.857143  10
366    0.818182   0.900000  0.857143  10
367    0.909091   1.000000  0.952381  10
368    0.666667   0.800000  0.727273  10
369    0.777778   0.700000  0.736842  10
370    1.000000   1.000000  1.000000  10
371    0.818182   0.900000  0.857143  10
372    1.000000   0.800000  0.888889  10
373    1.000000   0.800000  0.888889  10
374    0.875000   0.700000  0.777778  10
375    0.833333   1.000000  0.909091  10
376    1.000000   1.000000  1.000000  10
377    1.000000   0.800000  0.888889  10
378    1.000000   0.800000  0.888889  10
379    0.769231   1.000000  0.869565  10
380    0.909091   1.000000  0.952381  10
381    0.875000   0.700000  0.777778  10
382    0.769231   1.000000  0.869565  10
383    0.777778   0.700000  0.736842  10
384    0.800000   0.800000  0.800000  10
385    0.750000   0.900000  0.818182  10
386    0.642857   0.900000  0.750000  10
387    0.818182   0.900000  0.857143  10
388    0.750000   0.600000  0.666667  10
389    0.666667   0.600000  0.631579  10
390    1.000000   0.500000  0.666667  10
391    0.750000   0.900000  0.818182  10
392    0.875000   0.700000  0.777778  10
393    1.000000   0.700000  0.823529  10
394    0.875000   0.700000  0.777778  10
395    0.777778   0.700000  0.736842  10
396    1.000000   1.000000  1.000000  10
397    1.000000   1.000000  1.000000  10
398    0.818182   0.900000  0.857143  10
399    0.800000   0.800000  0.800000  10
400    0.909091   1.000000  0.952381  10
401    0.818182   0.900000  0.857143  10
402    0.900000   0.900000  0.900000  10
403    1.000000   0.800000  0.888889  10
404    1.000000   0.900000  0.947368  10
405    0.833333   1.000000  0.909091  10
406    1.000000   1.000000  1.000000  10
407    0.909091   1.000000  0.952381  10
408    0.600000   0.600000  0.600000  10
409    1.000000   0.900000  0.947368  10
410    0.500000   0.600000  0.545455  10
411    1.000000   0.800000  0.888889  10
412    0.888889   0.800000  0.842105  10
413    0.900000   0.900000  0.900000  10
414    0.583333   0.700000  0.636364  10
415    1.000000   0.700000  0.823529  10
416    0.769231   1.000000  0.869565  10
417    1.000000   1.000000  1.000000  10
418    0.900000   0.900000  0.900000  10
419    0.900000   0.900000  0.900000  10
420    0.909091   1.000000  0.952381  10
421    1.000000   0.900000  0.947368  10
422    1.000000   0.700000  0.823529  10
423    0.900000   0.900000  0.900000  10
424    0.909091   1.000000  0.952381  10
425    0.900000   0.900000  0.900000  10
426    0.900000   0.900000  0.900000  10
427    0.900000   0.900000  0.900000  10
428    0.800000   0.800000  0.800000  10
429    0.727273   0.800000  0.761905  10
430    0.900000   0.900000  0.900000  10
431    0.500000   0.800000  0.615385  10
432    0.818182   0.900000  0.857143  10
433    1.000000   0.800000  0.888889  10
434    0.888889   0.800000  0.842105  10
435    0.727273   0.800000  0.761905  10
436    1.000000   0.700000  0.823529  10
437    1.000000   0.800000  0.888889  10
438    0.875000   0.700000  0.777778  10
439    0.777778   0.700000  0.736842  10
440    1.000000   0.900000  0.947368  10
441    0.700000   0.700000  0.700000  10
442    0.500000   0.700000  0.583333  10
443    1.000000   1.000000  1.000000  10
444    0.769231   1.000000  0.869565  10
445    1.000000   0.900000  0.947368  10
446    0.777778   0.700000  0.736842  10
447    1.000000   0.900000  0.947368  10
448    1.000000   0.800000  0.888889  10
449    0.500000   0.800000  0.615385  10
450    0.900000   0.900000  0.900000  10
451    0.888889   0.800000  0.842105  10
452    0.769231   1.000000  0.869565  10
453    0.727273   0.800000  0.761905  10
454    1.000000   0.900000  0.947368  10
455    0.750000   0.300000  0.428571  10
456    0.615385   0.800000  0.695652  10
457    1.000000   1.000000  1.000000  10
458    0.875000   0.700000  0.777778  10
459    1.000000   0.900000  0.947368  10
460    0.714286   1.000000  0.833333  10
461    0.833333   1.000000  0.909091  10
462    1.000000   0.800000  0.888889  10
463    0.769231   1.000000  0.869565  10
464    1.000000   0.800000  0.888889  10
465    0.777778   0.700000  0.736842  10
466    0.363636   0.400000  0.380952  10
467    0.750000   0.600000  0.666667  10
468    0.636364   0.700000  0.666667  10
469    0.833333   1.000000  0.909091  10
470    0.727273   0.800000  0.761905  10
471    0.833333   1.000000  0.909091  10
472    0.666667   0.600000  0.631579  10
473    0.750000   0.900000  0.818182  10
474    1.000000   0.900000  0.947368  10
475    0.900000   0.900000  0.900000  10
476    0.727273   0.800000  0.761905  10
477    0.833333   1.000000  0.909091  10
478    0.727273   0.800000  0.761905  10
479    0.600000   0.600000  0.600000  10
480    0.533333   0.800000  0.640000  10
481    0.700000   0.700000  0.700000  10
482    0.900000   0.900000  0.900000  10
483    0.833333   1.000000  0.909091  10
484    0.555556   1.000000  0.714286  10
485    0.909091   1.000000  0.952381  10
486    0.777778   0.700000  0.736842  10
487    0.800000   0.800000  0.800000  10
488    0.692308   0.900000  0.782609  10
489    1.000000   0.900000  0.947368  10
490    0.800000   0.800000  0.800000  10
491    1.000000   0.800000  0.888889  10
492    0.818182   0.900000  0.857143  10
493    1.000000   0.900000  0.947368  10
494    0.500000   0.600000  0.545455  10
495    0.444444   0.400000  0.421053  10
496    0.555556   0.500000  0.526316  10
497    0.714286   0.500000  0.588235  10
498    0.769231   1.000000  0.869565  10
499    0.727273   0.800000  0.761905  10
